step,mode,loss,angle_error(rad),distance(m),x(m),y(m),the(rad),direction
1,training,0.08199849724769592,0.28635384887456894,0.0,3.9988199340438273,0.000513259592024054,0.003268960455221475,"(1, 0, 0)"
2,training,0.06808549910783768,0.23263736814260483,0.0,4.000085468755183,0.0005210259264464909,0.008597630881668176,"(1, 0, 0)"
3,training,0.014847745187580585,0.06402765214443208,0.0,4.004601273146079,0.0006183164082963326,0.030895626245261116,"(1, 0, 0)"
4,training,0,0.0021068118512630463,0.0,4.011877641734408,0.000833340434152267,0.021205738611690325,"(1, 0, 0)"
5,training,0.010086500085890293,0.17388459667563438,0.0,4.023384640714749,0.0008388432312092507,-0.02394532782882941,"(1, 0, 0)"
6,training,0,0.008201334625482566,0.0,4.057676567872269,-0.0010643193883306608,-0.06606578186736907,"(1, 0, 0)"
7,training,0,0.010521423071622849,0.0,4.097636198237431,-0.0038393659545162815,-0.07154003210033387,"(1, 0, 0)"
8,training,0.009019827470183372,0.05424113571643829,0.0,4.137488785096673,-0.006800217979684321,-0.07723809754931513,"(1, 0, 0)"
9,training,0.030235327780246735,0.096232570707798,0.0,4.177063092198585,-0.010069061812845321,-0.09517016914297513,"(1, 0, 0)"
10,training,0.009173668920993805,0.10504776984453201,0.0,4.215968375721238,-0.01433718689759276,-0.12104856985272495,"(1, 0, 0)"
11,training,0,0.03983493708074093,0.029314577227977857,4.254227296878993,-0.019180049775338458,-0.1267730956045703,"(1, 0, 0)"
12,training,0,0.046509383246302605,0.029314577227977857,4.293456651130799,-0.024013802163952675,-0.12382421404432337,"(1, 0, 0)"
13,training,0.006866982206702232,0.07006128318607807,0.029314577227977857,4.333222621629145,-0.029027406094699025,-0.12781917418423833,"(1, 0, 0)"
14,training,0,0.03251107037067413,0.029314577227977857,4.3727890697025105,-0.034236017600585804,-0.13780976399524308,"(1, 0, 0)"
15,training,0,0.026933453977108,0.029314577227977857,4.411203831255737,-0.039805921504564426,-0.14286839696245615,"(1, 0, 0)"
16,training,0,0.023185499012470252,0.029314577227977857,4.450726487424725,-0.04516749254633536,-0.12638875875054884,"(1, 0, 0)"
17,training,0,0.025657493621110916,0.011747892485771872,4.490220196790688,-0.04982270192520934,-0.10869701484133183,"(1, 0, 0)"
18,training,0,0.027095615863800042,0.011747892485771872,4.529966451256529,-0.053851122854300215,-0.09424315440913673,"(1, 0, 0)"
19,training,0,0.009657621383666992,0.011747892485771872,4.569627055143336,-0.05733913765994767,-0.08166660552221329,"(1, 0, 0)"
20,training,0,0.036485493183135986,0.011747892485771872,4.609449218325304,-0.06036490359395738,-0.0704698101142785,"(1, 0, 0)"
21,training,0,0.0395989716053009,0.011747892485771872,4.649270368905846,-0.06301825940891977,-0.0635298861803414,"(1, 0, 0)"
22,training,0.007435331121087074,0.0669769886881113,0.011747892485771872,4.689075893940615,-0.06539661371047045,-0.05611970590151009,"(1, 0, 0)"
23,training,0.009822588413953781,0.20064888149499893,0.01650701199619123,4.728953896756396,-0.0674851206069839,-0.04898878702527055,"(1, 0, 0)"
24,training,0.005725652910768986,0.06253018975257872,0.01650701199619123,4.768847896086197,-0.06931960922324698,-0.04400757925545676,"(1, 0, 0)"
25,training,0.004016508348286152,0.10707616806030272,0.01650701199619123,4.8080590410306,-0.0709930067278909,-0.04522937118247384,"(1, 0, 0)"
26,training,0.0037752827629446983,0.1351750940084457,0.01650701199619123,4.847659639908977,-0.0729185701144419,-0.04746298174455089,"(1, 0, 0)"
27,training,0,0.006700634956359849,0.01650701199619123,4.887329138769987,-0.07459029720128402,-0.040903293314886124,"(1, 0, 0)"
28,training,0,6.310641765594482e-05,0.01650701199619123,4.927091420198858,-0.07606520329125234,-0.028250787797144333,"(1, 0, 0)"
29,training,0,0.03145706281065941,0.031222465950403393,4.966874681054065,-0.07681630337025551,-0.00967815036338732,"(1, 0, 0)"
30,training,0.0039836447685956955,0.05538303032517433,0.031222465950403393,5.006735987587408,-0.07687197945632575,0.004991355467307595,"(1, 0, 0)"
31,training,0.009296318516135216,0.18154629319906235,0.031222465950403393,5.046585133111371,-0.07647397250660398,0.013104847414694943,"(1, 0, 0)"
32,training,0.006647793110460043,0.08884877897799015,0.031222465950403393,5.0865449708079415,-0.07588925765882373,0.012818173127928245,"(1, 0, 0)"
33,training,0.003943674266338348,0.12803458981215954,0.031222465950403393,5.126545277971329,-0.07550158441560452,0.005739441096199249,"(1, 0, 0)"
34,training,0.009907730855047703,0.24917290359735494,0.031222465950403393,5.166585085280628,-0.07545104716546598,-0.002721911702807425,"(1, 0, 0)"
35,training,0.008640477433800697,0.16052453219890594,0.03131015239711653,5.20685725678389,-0.07551336608906843,0.005061196592619818,"(1, 0, 0)"
36,training,0.004725273232907057,0.16435954347252843,0.03131015239711653,5.246613168416398,-0.07500064835635882,0.018673729906342158,"(1, 0, 0)"
37,training,0.024323785677552223,0.2828046679496765,0.03131015239711653,5.286624463042296,-0.07418882407241657,0.01677042384361069,"(1, 0, 0)"
38,training,0.012486088089644909,0.3197764437645673,0.03131015239711653,5.326533809958303,-0.0735764877109054,0.016112262013355156,"(1, 0, 0)"
39,training,0.009385591372847557,0.2951277494430542,0.03131015239711653,5.36649989936391,-0.07294595878754086,0.013249169886451929,"(1, 0, 0)"
40,training,0.03527306392788887,0.3335853852331639,0.03131015239711653,5.406503289430181,-0.07249544411408396,0.010614870139647601,"(1, 0, 0)"
41,training,0.019799785688519478,0.3153015524148941,0.03976002139428771,5.4462488297259934,-0.07187393224018016,0.02631749441258416,"(1, 0, 0)"
42,training,0.04312506690621376,0.2820522226393223,0.03976002139428771,5.486080723080404,-0.07039687187952291,0.04374925278808349,"(1, 0, 0)"
43,training,0.025342626497149467,0.3235618472099304,0.03976002139428771,5.525942244696704,-0.06833528574269152,0.06620129161966157,"(1, 0, 0)"
44,training,0.0320868156850338,0.20950344204902643,0.03976002139428771,5.565306050574469,-0.06499390723492841,0.10259281813749756,"(1, 0, 0)"
45,training,0.00604685302823782,0.19238388910889626,0.03976002139428771,5.6049355753368,-0.06033708099311866,0.12187093016581932,"(0, 1, 0)"
46,training,0.12888209521770477,0.15418047457933426,0.03976002139428771,5.645062223299864,-0.05549919134312909,0.10940355336946256,"(0, 1, 0)"
47,training,0.034634046256542206,0.13387546315789223,0.04014874452340859,5.685035459750884,-0.051872671320883044,0.08216313059112176,"(0, 1, 0)"
48,training,0.06721477210521698,0.0707683116197586,0.04014874452340859,5.724769349317402,-0.04865142065753333,0.077541461483498,"(0, 1, 0)"
49,training,0.04000789672136307,0.26476237922906876,0.04014874452340859,5.764487751786872,-0.04573703715938021,0.07200447025018142,"(0, 1, 0)"
50,training,0,0.03723818808794023,0.04014874452340859,5.804374897439847,-0.04274521794635716,0.0824081707228683,"(0, 1, 0)"
51,training,0,0.0384756699204445,0.04014874452340859,5.843749827948954,-0.039293457554526484,0.08123646844106124,"(0, 1, 0)"
52,training,0,0.037514962255954756,0.04014874452340859,5.883784853726335,-0.036592350376683624,0.052795648169312745,"(0, 1, 0)"
53,training,0.025360876694321632,0.054427877068519585,0.017061682099993584,5.923936903254104,-0.03500780973429277,0.027109776254055064,"(0, 1, 0)"
54,training,0.038443632423877716,0.14419348165392876,0.017061682099993584,5.964134037604041,-0.03439970266309642,0.0021004147204090407,"(0, 1, 0)"
55,training,0,0.00483298022300005,0.017061682099993584,6.004300588175406,-0.034699396371554364,-0.002330623707546529,"(0, 1, 0)"
56,training,0,0.022071713581681248,0.017061682099993584,6.043873558912844,-0.03431563561223396,0.012239074411114331,"(0, 1, 0)"
57,training,0,0.039832338225096464,0.017061682099993584,6.083934542375858,-0.03391756251660074,0.005787398419790562,"(0, 1, 0)"
58,training,0,0.0015671700239181519,0.02089237791325694,6.123928919550856,-0.03386568922236576,-0.002784624765173999,"(0, 1, 0)"
59,training,0,0.016727983951568604,0.02089237791325694,6.164006910757477,-0.03414268031030122,-0.011716924682107763,"(0, 1, 0)"
60,training,0,0.017556197941303253,0.02089237791325694,6.204096102999938,-0.03485718684423055,-0.02446604410956376,"(0, 1, 0)"
61,training,0,0.021553333848714832,0.02089237791325694,6.244037721987711,-0.03605202633713597,-0.035314230721743264,"(0, 1, 0)"
62,training,0.016308072954416275,0.0650689136236906,0.02089237791325694,6.284115646378377,-0.03767094953496671,-0.04574465984542561,"(0, 1, 0)"
63,training,0,0.03308566939085722,0.015188949582136303,6.323715800618291,-0.039765428644746956,-0.06419087603083835,"(0, 1, 0)"
64,training,0.015432244166731834,0.05111459456384182,0.015188949582136303,6.363711596719069,-0.04285728673881531,-0.08443718003605764,"(0, 1, 0)"
65,training,0,0.028138525784015656,0.015188949582136303,6.4033262129208595,-0.04630783256306835,-0.08645746050091366,"(0, 1, 0)"
66,training,0,0.005472034215927124,0.015188949582136303,6.442963194300933,-0.0494407868008475,-0.06940932400045942,"(0, 1, 0)"
67,training,0,0.0019986927509307723,0.015188949582136303,6.482815957879805,-0.051822425726649135,-0.05102295381819228,"(0, 1, 0)"
68,training,0,0.016793236136436462,0.015188949582136303,6.522609304834487,-0.0535685173006573,-0.036899942417410736,"(0, 1, 0)"
69,training,0,0.028526432812213898,0.012856932733950336,6.562431167481111,-0.05473475173482407,-0.02219579486854625,"(0, 1, 0)"
70,training,0.02722886949777603,0.07148844748735429,0.012856932733950336,6.602309006603544,-0.055380806805284157,-0.011732191444104674,"(0, 1, 0)"
71,training,0.008714204654097557,0.21596157550811768,0.012856932733950336,6.642192978389603,-0.055693550355055604,-0.006180401135528772,"(0, 1, 0)"
72,training,0.04773041605949402,0.24899400770664215,0.012856932733950336,6.682305876799285,-0.056010751995622485,-0.01800770862247476,"(0, 1, 0)"
73,training,0.02519356831908226,0.08941595256328583,0.012856932733950336,6.722419078765002,-0.057293799017920026,-0.040757003603609926,"(0, 1, 0)"
74,training,0.05167153477668762,0.06233607232570651,0.012856932733950336,6.762339517342793,-0.05886211555968792,-0.02947487765967691,"(0, 1, 0)"
75,training,0.014967687427997589,0.12555903941392899,0.00890343512564775,6.802114338694478,-0.05959856975403258,-0.010249104845560998,"(0, 1, 0)"
76,training,0.02331947535276413,0.15179929137229922,0.00890343512564775,6.842049383774489,-0.05973491054072306,0.0020725164594719665,"(0, 1, 0)"
77,training,0.012850981205701828,0.21790165454149246,0.00890343512564775,6.881940864019398,-0.059409345935952526,0.013515001223987641,"(0, 1, 0)"
78,training,0.015786416828632355,0.3065229505300522,0.00890343512564775,6.921785502759392,-0.05875461066546699,0.01694502728418274,"(0, 1, 0)"
79,training,0.0038957945071160793,0.3365228399634361,0.00890343512564775,6.9616083195525675,-0.05808152108983933,0.01540927867744575,"(0, 1, 0)"
80,training,0.029590602964162827,0.3173602484166622,0.00890343512564775,7.001668169827628,-0.05761832183524489,0.0058099468737568055,"(0, 1, 0)"
81,training,0.04215403273701668,0.29702819325029856,0.012784490327123593,7.041737593828102,-0.05760485375691687,-0.0034325712348766435,"(0, 1, 0)"
82,training,0.018330397084355354,0.3264189437031746,0.012784490327123593,7.081631145356601,-0.05772404053966589,0.0002343382182691304,"(0, 1, 0)"
83,training,0.023873761296272278,0.30564218014478683,0.012784490327123593,7.121120100288862,-0.05749535411663332,0.01475904994629676,"(0, 1, 0)"
84,training,0.022911157459020615,0.2822175025939941,0.012784490327123593,7.160981758982656,-0.05636929143551644,0.044549761082356504,"(0, 1, 0)"
85,training,0.039589617401361465,0.3080999404191971,0.012784490327123593,7.200436372062615,-0.05387436541888036,0.08164320642116904,"(0, 1, 0)"
86,training,0.030920356512069702,0.3552999421954155,0.012784490327123593,7.239983639650709,-0.049985225965069865,0.11186484748802612,"(0, 1, 0)"
87,training,0.022076111286878586,0.37280084379017353,0.03415170699502364,7.279497591766727,-0.045060718527546346,0.13471693691316253,"(0, 1, 0)"
88,training,0.02056964859366417,0.32714642211794853,0.03415170699502364,7.318946192149254,-0.0395452239652821,0.13736008085953264,"(0, 1, 0)"
89,training,0.01081700250506401,0.3043780401349068,0.03415170699502364,7.358766876846263,-0.0342253635148076,0.12673107144135265,"(0, 1, 0)"
90,training,0.01885772868990898,0.3050176799297333,0.03415170699502364,7.398492250284549,-0.02939846309434775,0.11423512151963743,"(0, 1, 0)"
91,training,0.0215220358222723,0.2601524218916893,0.03415170699502364,7.43828453655685,-0.025122237717878512,0.10042954921040373,"(0, 1, 0)"
92,training,0.02267495170235634,0.3339758571237325,0.03415170699502364,7.478166009028562,-0.021284632825274465,0.09540175682202715,"(0, 1, 0)"
93,training,0.007729304954409599,0.3261123485863209,0.11508774079038234,7.5176772440151645,-0.017382495413569052,0.10324253642882654,"(0, 1, 0)"
94,training,0.013090251013636589,0.6603296082466841,0.11508774079038234,7.557078921077806,-0.012675835298104718,0.15001638740936138,"(0, 1, 0)"
95,training,0.024067455902695656,0.7077813316136597,0.11508774079038234,7.59586317793146,-0.005282438857954704,0.2308748184182099,"(0, 1, 0)"
96,training,0.012203022837638855,0.7253878265619277,0.11508774079038234,7.633732575765679,0.0061366025108731724,0.3618331680641673,"(0, 1, 0)"
97,training,0.067536361515522,0.6762242540717125,0.1839470000704116,7.668883653490402,0.022219389154621176,0.49548204276122804,"(0, 1, 0)"
98,training,0.01814020425081253,0.5107221063226461,0.1839470000704116,7.701899480964302,0.04287299002785517,0.6207378066948951,"(0, 1, 0)"
99,training,0.012488555163145065,0.4834401030093431,0.19562257626046062,7.732352110138578,0.06732935835027153,0.7277476761091333,"(0, 1, 0)"
100,training,0.06674325466156006,0.4826950281858444,0.19562257626046062,7.76011956863989,0.09462448067871605,0.8254479991580785,"(0, 1, 0)"
101,training,0.05235731974244118,0.35576354153454304,0.19562257626046062,7.78534978285461,0.12444017709614266,0.9089040666745909,"(0, 1, 0)"
102,training,0.08677579462528229,0.29932184517383575,0.19112322969083467,7.808383292581479,0.15643972953924326,0.9831517039401948,"(0, 1, 0)"
103,training,0.04185343161225319,0.248481273651123,0.19112322969083467,7.829113916323582,0.189939047779255,1.0492905558069447,"(0, 1, 0)"
104,training,0.026375770568847656,0.1966465562582016,0.19112322969083467,7.847586383555948,0.22469067634190948,1.1147332464254873,"(0, 1, 0)"
105,training,0.0510215125977993,0.16231628507375723,0.19112322969083467,7.863817646774786,0.2604975012622341,1.1736542572635327,"(0, 1, 0)"
106,training,0.03478431701660156,0.11951068788766861,0.17698720972230295,7.878173491184521,0.297504019232982,1.2266811506064115,"(0, 1, 0)"
107,training,0.036615852266550064,0.09927655011415479,0.17698720972230295,7.890624274799114,0.3350299069827404,1.2739996375639449,"(0, 1, 0)"
108,training,0.04342491552233696,0.08073671907186508,0.17698720972230295,7.901342144630655,0.37313567627674815,1.3187970146709893,"(0, 1, 0)"
109,training,0.029894717037677765,0.0691341981291771,0.17698720972230295,7.910433800953858,0.4117766258849034,1.3590494193152716,"(0, 1, 0)"
110,training,0.04193812981247902,0.09924359619617462,0.17698720972230295,7.918061758807618,0.45065020693745483,1.3937795699586057,"(0, 1, 0)"
111,training,0,0.025333590805530562,0.13536243973868725,7.924416222230763,0.48980443540304525,1.4241466289279159,"(0, 1, 0)"
112,training,0,0.007851280272006975,0.13536243973868725,7.929734785995542,0.5292458798420103,1.4487108126777253,"(0, 1, 0)"
113,training,0,0.031474046409130096,0.13536243973868725,7.934113659131764,0.568844937907436,1.4722785959092712,"(0, 1, 0)"
114,training,0.03510598838329315,0.06485366821289064,0.13536243973868725,7.937617466378188,0.6083969156536689,1.4911105404790101,"(0, 1, 0)"
115,training,0.030227843672037125,0.21449698507785797,0.13536243973868725,7.940464440146251,0.6482899411399462,1.5075576631170755,"(0, 1, 0)"
116,training,0.008771585300564766,0.060734149068593986,0.13536243973868725,7.942673265297916,0.688072820912814,1.5213464959810814,"(0, 1, 0)"
117,training,0,0.0009832046926021576,0.06098755196089539,7.944457947150865,0.7279289058929594,1.5302808697780257,"(0, 1, 0)"
118,training,0,0.0019471533596515586,0.06098755196089539,7.945915687825039,0.7679865932432911,1.5396286273661843,"(0, 1, 0)"
119,training,0,0.005356300622224808,0.06098755196089539,7.946967239774533,0.8077075127958608,1.548087248096782,"(0, 1, 0)"
120,training,0,0.03821752779185772,0.06098755196089539,7.947729383322563,0.8477317115087868,1.5551871870704632,"(0, 1, 0)"
121,training,0,0.035569148138165474,0.06098755196089539,7.948234726951726,0.8876743045556339,1.5602867141600516,"(0, 1, 0)"
122,training,0,0.03863923717290163,0.06098755196089539,7.948563203669342,0.9275460623072344,1.5646853873732924,"(0, 1, 0)"
123,training,0,0.03701317077502608,0.015770952203031336,7.94873830992064,0.967679900899577,1.5682063042658714,"(0, 1, 0)"
124,training,0,0.0161238145083189,0.015770952203031336,7.948741135827851,1.0074232482037617,1.5743462104988801,"(0, 1, 0)"
125,training,0,0.004718165844678879,0.015770952203031336,7.948473130961968,1.0474107112616036,1.5793376434855873,"(0, 1, 0)"
126,training,0,0.04470018297433853,0.015770952203031336,7.948111496694942,1.0874742342434844,1.58046892749484,"(0, 1, 0)"
127,training,0.011256902478635311,0.05095575354062021,0.015770952203031336,7.947805928935651,1.127362369300955,1.574433546802815,"(0, 1, 0)"
128,training,0,0.0025314586237072945,0.015770952203031336,7.947838821751589,1.167562293361967,1.5652940674347056,"(0, 1, 0)"
129,training,0.02819155715405941,0.18750230967998505,0.008209140503913966,4.00072984161886,2.3057420174060626e-06,-0.0004854737877675654,"(0, 1, 0)"
130,training,0.015459386631846428,0.261001106351614,1.6346048645296818,4.019971301326684,9.001357357182156e-05,0.011258779402881001,"(0, 1, 0)"
131,training,0.024261752143502235,0.20887235552072525,1.6346048645296818,4.059837504130943,0.0011588195720104847,0.03496295986975005,"(0, 1, 0)"
132,training,0.015009933151304722,0.18302031233906746,1.6346048645296818,4.099810355382926,0.002354270973958088,0.023655355538202496,"(0, 1, 0)"
133,training,0.023913592100143433,0.22290431335568428,1.6346048645296818,4.139979869106981,0.0030554855085439857,0.011518861582143295,"(0, 1, 0)"
134,training,0.021668799221515656,0.08624602481722832,1.6346048645296818,4.180062071644676,0.003295280045830873,0.0012151810498201758,"(0, 1, 0)"
135,training,0,0.02760094031691552,1.6346048645296818,4.220018692587832,0.003166154503638546,-0.007399734261268786,"(1, 0, 0)"
136,training,0,0.03388911299407482,0.014800966705079107,4.260239463004597,0.002707451342091056,-0.01506575259782742,"(1, 0, 0)"
137,training,0,0.029501348733901978,0.014800966705079107,4.300125867168974,0.0019462760898853293,-0.024414690233033352,"(1, 0, 0)"
138,training,0,0.03864980489015579,0.014800966705079107,4.340216513264242,0.0007406705665319827,-0.035477557862124316,"(1, 0, 0)"
139,training,0,0.04156298888847232,0.014800966705079107,4.380307309093466,-0.0008778665572882248,-0.045354527221763835,"(1, 0, 0)"
140,training,0,0.049572575837373734,0.014800966705079107,4.420170290258674,-0.002884192625905307,-0.055330910177792694,"(1, 0, 0)"
141,training,0.02589520998299122,0.0588728366419673,0.04351975670749127,4.460296352701342,-0.0053059322937341665,-0.06531214052683182,"(1, 0, 0)"
142,training,0.029554979875683784,0.14853284507989883,0.04351975670749127,4.499942019269351,-0.00804170682653971,-0.07109684337920677,"(1, 0, 0)"
143,training,0.00680295517668128,0.06354110781103373,0.04351975670749127,4.539696696137153,-0.010738750227431948,-0.0564958104572759,"(1, 0, 0)"
144,training,0.007087318226695061,0.056651607155799866,0.04351975670749127,4.579533156280427,-0.012394231837285871,-0.032378456898222836,"(1, 0, 0)"
145,training,0.008987713605165482,0.10385813470929861,0.04351975670749127,4.619247383258501,-0.01345695504861901,-0.021710567682550613,"(1, 0, 0)"
146,training,0.020574606955051422,0.16492276825010777,0.04351975670749127,4.6592271766695355,-0.014060666531898,-0.005052475457103625,"(1, 0, 0)"
147,training,0.010748082771897316,0.13386387191712856,0.031022036066352936,4.699079296895996,-0.013816892377043942,0.01837051034039957,"(1, 0, 0)"
148,training,0.012020685710012913,0.16535475850105286,0.031022036066352936,4.738817711243553,-0.012633423765303168,0.03845819469645126,"(1, 0, 0)"
149,training,0.007875625044107437,0.24891560524702072,0.031022036066352936,4.778517415442354,-0.010814977046788249,0.055768314313136835,"(1, 0, 0)"
150,training,0.001195033430121839,0.19173765182495117,0.031022036066352936,4.818047193290575,-0.008046699310631499,0.0852788995222063,"(1, 0, 0)"
151,training,0.01696285419166088,0.22165006399154663,0.031022036066352936,4.857632178463958,-0.004115490883101535,0.10823160275554025,"(1, 0, 0)"
152,training,0.01824081689119339,0.37691690027713776,0.031022036066352936,4.897223168686986,0.000539339091720171,0.1281236918115411,"(1, 0, 0)"
153,training,0.006939024198800325,0.2567295432090759,0.04806234233257094,4.93646567111065,0.006178272485136511,0.15919123646435118,"(1, 0, 0)"
154,training,0.01192792784422636,0.20570974051952362,0.04806234233257094,4.9759374592748395,0.013153872022055752,0.18548350929954,"(1, 0, 0)"
155,training,0.009750205092132092,0.19625598564743993,0.04806234233257094,5.015143051780449,0.020748190545041366,0.19289073988204652,"(1, 0, 0)"
156,training,0.002425739075988531,0.19121230766177177,0.04806234233257094,5.054307410273786,0.028415232677226013,0.19333883616732594,"(1, 0, 0)"
157,training,0.006346742156893015,0.16145088151097295,0.04806234233257094,5.093527512654561,0.036070753801015785,0.1913467127672761,"(1, 0, 0)"
158,training,0.016372952610254288,0.1974990293383598,0.04806234233257094,5.132758243727382,0.04363009580201465,0.1893622550166619,"(1, 0, 0)"
159,training,0.017395170405507088,0.18588472902774816,0.08950649664064594,5.17204845848805,0.05111142065695286,0.18591879612870604,"(1, 0, 0)"
160,training,0.014641914516687393,0.14336954802274704,0.08950649664064594,5.211467711769787,0.058362100194268435,0.17502372175861536,"(1, 0, 0)"
161,training,0.01491185650229454,0.09038414061069486,0.08950649664064594,5.250947991626127,0.06501069757752599,0.1553931209157479,"(1, 0, 0)"
162,training,0,0.018674999475479098,0.08950649664064594,5.290949306188381,0.07068293702268434,0.12205723150042447,"(1, 0, 0)"
163,training,0.007249644957482815,0.0881878659129143,0.08950649664064594,5.330922838864579,0.07477074753879123,0.08275765283545942,"(1, 0, 0)"
164,training,0.02749905362725258,0.09987842291593552,0.08950649664064594,5.37114163231717,0.07741628351751016,0.05096569217448422,"(1, 0, 0)"
165,training,0.018555330112576485,0.12526654824614525,0.11717193464832028,5.4110634427985635,0.07903898711592426,0.033588021885138576,"(1, 0, 0)"
166,training,0.012884228490293026,0.2691216617822647,0.11717193464832028,5.451064332488837,0.0800949982957967,0.014467155299604345,"(1, 0, 0)"
167,training,0.03450317680835724,0.2681950554251671,0.11717193464832028,5.491451972980435,0.08010627029163804,-0.013532029338784356,"(1, 0, 0)"
168,training,0.006955645978450775,0.15936972200870514,0.11717193464832028,5.531475048195124,0.07905992796253387,-0.037449106484409904,"(1, 0, 0)"
169,training,0.00400497205555439,0.2502991631627083,0.11717193464832028,5.571575613309099,0.07714384741807175,-0.05715591326364942,"(1, 0, 0)"
170,training,0.021264150738716125,0.3256859425455332,0.11729120081137948,5.631563746594213,0.07298422496980576,-0.08130331121199287,"(0, 0, 1)"
171,training,0.01593818888068199,0.1830012146383524,0.11729120081137948,5.651461937544946,0.07130216922529196,-0.08616355169537411,"(0, 0, 1)"
172,training,0.008549680933356285,0.3658538907766342,0.11729120081137948,5.691437422894331,0.06773292036435502,-0.09193113559641011,"(0, 0, 1)"
173,training,0.01202106848359108,0.402944840490818,0.11729120081137948,5.7311805683921655,0.06393538023473334,-0.102613215243916,"(0, 0, 1)"
174,training,0.0029563046991825104,0.2918204963207245,0.11729120081137948,5.770997644343959,0.059492272220738135,-0.11930932951704747,"(0, 0, 1)"
175,training,0.006371645722538233,0.27311215177178383,0.11729120081137948,5.810876018469218,0.05442611802785806,-0.1321674191438557,"(0, 0, 1)"
176,training,0.011575082316994667,0.2947377599775791,0.06530590832971607,5.8503696695036735,0.048978795769324825,-0.14201235028191195,"(0, 0, 1)"
177,training,0.006656314246356487,0.21638814266771078,0.06530590832971607,5.890035841736355,0.0431406429319787,-0.1498505740324963,"(0, 0, 1)"
178,training,0.01610802859067917,0.2658497095108032,0.06530590832971607,5.92957683439735,0.03708773096523325,-0.15313867324141792,"(0, 0, 1)"
179,training,0.01675683632493019,0.14082175493240356,0.06530590832971607,5.968964553768301,0.030960403081604762,-0.1554629697535023,"(0, 0, 1)"
180,training,0.00914154201745987,0.18049408681690693,0.06530590832971607,6.0085138920682555,0.02475895806015519,-0.1554990723157563,"(0, 0, 1)"
181,training,0.0023412746377289295,0.1403594333678484,0.06530590832971607,6.047896536733079,0.018624457275496935,-0.15398195728737252,"(0, 0, 1)"
182,training,0.01367716770619154,0.08472511358559132,0.060353560822462425,6.087417818702355,0.012531069912919472,-0.15249155669112943,"(0, 0, 1)"
183,training,0.009624386206269264,0.06188611127436161,0.060353560822462425,6.126940944698176,0.006509112644332854,-0.14957341313609718,"(0, 0, 1)"
184,training,0,0.001348173245787624,0.060353560822462425,6.166298825474308,0.0006349638997372048,-0.14678823747219075,"(0, 0, 1)"
185,training,0,0.006971931084990505,0.060353560822462425,6.205913646880673,-0.005120593769459373,-0.14150756021653288,"(0, 0, 1)"
186,training,0,0.029720967635512352,0.060353560822462425,6.245379299393544,-0.010603377602765246,-0.13598981331362872,"(0, 0, 1)"
187,training,0,0.03711007162928581,0.060353560822462425,6.284923319889176,-0.01594274735144636,-0.1323153117804815,"(0, 0, 1)"
188,training,0.007111255545169115,0.05405528098344803,0.02722345561976862,6.324602098226701,-0.021118099046597567,-0.12646626343271455,"(0, 0, 1)"
189,training,0.019183609634637833,0.1011851504445076,0.02722345561976862,6.364135925001119,-0.026075984969293586,-0.127207749188262,"(0, 0, 1)"
190,training,0,0.03306026570498943,0.02722345561976862,6.403908555857158,-0.03133477586089197,-0.1363950775519889,"(0, 0, 1)"
191,training,0,0.018806733191013336,0.02722345561976862,6.443520311772571,-0.03688037510139707,-0.1386579347442763,"(0, 0, 1)"
192,training,0,0.009309791028499603,0.02722345561976862,6.482955037163085,-0.0423094631198255,-0.1345070640231539,"(0, 0, 1)"
193,training,0,0.0006234906613826821,0.02722345561976862,6.5226385447628115,-0.04754644518580967,-0.12699036433141048,"(0, 0, 1)"
194,training,0,0.008742028847336776,0.01263391701472561,6.562105287448542,-0.05240281502195655,-0.11932481234498743,"(0, 0, 1)"
195,training,0,0.006313042715191841,0.01263391701472561,6.601808688618925,-0.05704223298853531,-0.11350807361735693,"(0, 0, 1)"
196,training,0,0.033302882220596075,0.01263391701472561,6.64155593906905,-0.06144035777927895,-0.10682621017343118,"(0, 0, 1)"
197,training,0.004728619009256363,0.06400172971189022,0.01263391701472561,6.681113327481065,-0.06558239754154183,-0.10216353921762089,"(0, 0, 1)"
198,training,0.013254191726446152,0.09257558174431324,0.01263391701472561,6.720984347937553,-0.06955555845319225,-0.09528121476206566,"(0, 0, 1)"
199,training,0.012518594972789288,0.05867388658225536,0.01263391701472561,6.760654225679748,-0.07315320605569046,-0.08689968517602664,"(0, 0, 1)"
200,training,0.01670265942811966,0.12549878656864166,0.004013500887680675,6.8004616192780265,-0.07654157945215935,-0.0858340265636838,"(0, 0, 1)"
201,training,0.025441471487283707,0.29770199954509735,0.004013500887680675,6.840653928897265,-0.08005941466839944,-0.08502723933705207,"(0, 0, 1)"
202,training,0.007070793770253658,0.21860492974519732,0.004013500887680675,6.8801827057368286,-0.08302294021982529,-0.06561464172797692,"(0, 0, 1)"
203,training,0.007634996436536312,0.1910327449440956,0.004013500887680675,6.920108917994552,-0.08533921967238037,-0.05153722811823002,"(0, 0, 1)"
204,training,0.022639503702521324,0.378933310508728,0.004013500887680675,6.959871972142327,-0.08713067699914566,-0.03663630025118933,"(0, 0, 1)"
205,training,0.0036802503746002913,0.3298838958144188,0.004013500887680675,6.999624639447656,-0.08821202153235974,-0.01885768503547084,"(0, 0, 1)"
206,training,0.023836705833673477,0.3221611827611923,0.011903167028544364,7.039712125432777,-0.08870393403868335,-0.008258764326270892,"(0, 0, 1)"
207,training,0.00958891399204731,0.33348832093179226,0.011903167028544364,7.079549765447201,-0.08900470466677095,-0.008203448776290026,"(0, 0, 1)"
208,training,0.017078708857297897,0.32630645297467703,0.011903167028544364,7.119576368855064,-0.08934505069116411,-0.00798530164344727,"(0, 0, 1)"
209,training,0.01567392610013485,0.3493477776646614,0.011903167028544364,7.159589623407692,-0.08953775024816396,0.0012899811843001317,"(0, 0, 1)"
210,training,0.017771393060684204,0.349686399102211,0.011903167028544364,7.199305413084294,-0.08915246462333294,0.01901458848902546,"(0, 0, 1)"
211,training,0.007890872657299042,0.37397997081279755,0.011903167028544364,7.239243131868194,-0.08795679416611782,0.042572479344274945,"(0, 0, 1)"
212,training,0.031268153339624405,0.34138910472393036,0.025112591650272246,7.278885500618032,-0.0857222635715626,0.07270668120488599,"(0, 0, 1)"
213,training,0.017812665551900864,0.2280666083097458,0.025112591650272246,7.318425672752642,-0.08216126110648218,0.10539556710149248,"(0, 0, 1)"
214,training,0.009373854845762253,0.3402656093239784,0.025112591650272246,7.358329051890286,-0.07749874289157677,0.12242011952742932,"(0, 0, 1)"
215,training,0.005215008743107319,0.31036341190338135,0.025112591650272246,7.39782201871769,-0.07242148862709037,0.13450837158090304,"(0, 0, 1)"
216,training,0.007834880612790585,0.3162939250469208,0.025112591650272246,7.437299555602821,-0.06673030633493539,0.15256630036614444,"(0, 0, 1)"
217,training,0.007667938247323036,0.3176337257027626,0.025112591650272246,7.476616072818198,-0.06029199799494476,0.1733411089159116,"(0, 0, 1)"
218,training,0.02648496814072132,0.30784958600997925,0.13135100796051374,7.515672823108175,-0.05295297933841632,0.19804000657485313,"(0, 0, 1)"
219,training,0.008434265851974487,0.5940274670720102,0.13135100796051374,7.555387084473832,-0.0448342361920081,0.18942445859666704,"(0, 0, 1)"
220,training,0.010779937729239464,0.7544701565057039,0.13135100796051374,7.594120678713589,-0.03831534029867471,0.13196898569053436,"(0, 0, 1)"
221,training,0.003219019155949354,0.8435948006808757,0.13135100796051374,7.63487001871324,-0.035270977930451676,0.005837548171307186,"(0, 0, 1)"
222,training,0.019004113972187042,0.8989475890994072,0.24246286416969004,7.675876784578339,-0.03808002746326605,-0.14856769574262718,"(0, 0, 1)"
223,training,0.0029465360566973686,0.9302172064781189,0.24246286416969004,7.7163352243632914,-0.04763500630890245,-0.31827046143503496,"(0, 0, 1)"
224,training,0.01483268104493618,0.7269869409501553,0.2713016955979661,7.754274076369585,-0.06371296149409539,-0.482941298477243,"(0, 0, 1)"
225,training,0.036351483315229416,0.5899176150560379,0.2713016955979661,7.789171132172641,-0.085547016284987,-0.6324988490501773,"(0, 0, 1)"
226,training,0.00748483557254076,0.5950464755296707,0.3013860935446129,7.820559989082369,-0.11206341130003004,-0.7672613779993545,"(0, 0, 1)"
227,training,0.009321794845163822,0.5878703594207765,0.3013860935446129,7.848449632710573,-0.1423598710442154,-0.8826425513006387,"(0, 0, 1)"
228,training,0.05178775265812874,0.623476430773735,0.3118119513115442,7.872597738958386,-0.1750759987550814,-0.9867989692496705,"(0, 0, 1)"
229,training,0.013122715055942535,0.5225736796855927,0.3118119513115442,7.893350174018307,-0.2098838093887178,-1.0765382227585114,"(0, 0, 1)"
230,training,0.020427361130714417,0.3913736864924431,0.3118119513115442,7.911200701766007,-0.24642984875677854,-1.1548630570438265,"(0, 0, 1)"
231,training,0.003748629242181778,0.40418630838394165,0.31456429439078415,7.926317009324114,-0.28413068795624824,-1.2223986134628728,"(0, 0, 1)"
232,training,0.043612245470285416,0.25398159213364124,0.31456429439078415,7.938881939410549,-0.32265611246188336,-1.290503857612537,"(0, 0, 1)"
233,training,0.015171745792031288,0.1812591701745987,0.31456429439078415,7.948738803524807,-0.3617781035308574,-1.3526097672108106,"(0, 0, 1)"
234,training,0,0.04459489881992337,0.31456429439078415,7.956539353588244,-0.4014757419291135,-1.4024543951552961,"(0, 0, 1)"
235,training,0,0.034912168979644775,0.2817878389928626,7.962337894497779,-0.44147083158164074,-1.4489513012783788,"(0, 0, 1)"
236,training,0,0.04715406894683838,0.2817878389928626,7.966470062085773,-0.4814428743699858,-1.4834299958832242,"(0, 0, 1)"
237,training,0.020400723442435265,0.06067460775375366,0.2817878389928626,7.969401976920483,-0.5217037643497331,-1.514054056269762,"(0, 0, 1)"
238,training,0.013055992312729359,0.15416061133146286,0.2817878389928626,7.97105694396765,-0.5617583210028394,-1.5452675183004312,"(0, 0, 1)"
239,training,0.02234266884624958,0.22093920409679413,0.2817878389928626,7.9715155837314695,-0.6019984486099429,-1.570258754346871,"(0, 0, 1)"
240,training,0.00548133160918951,0.19536514207720757,0.1964114595947679,7.971246594631848,-0.6420635163234208,-1.5835996875775258,"(0, 0, 1)"
241,training,0.008262550458312035,0.18221336230635643,0.1964114595947679,7.970512579311338,-0.6820959737803735,-1.59447466162678,"(0, 0, 1)"
242,training,0.03200981020927429,0.1823794823139906,0.1964114595947679,7.969370940570282,-0.7221455951176229,-1.6036674084568574,"(0, 0, 1)"
243,training,0.03828649967908859,0.22307644598186016,0.1964114595947679,7.967921699262272,-0.7621412375375638,-1.6099624416699119,"(0, 0, 1)"
244,training,0.004056775942444801,0.17211574129760265,0.1964114595947679,7.9662248849463815,-0.8020431235700982,-1.616251828364487,"(0, 0, 1)"
245,training,0.036968037486076355,0.1198043692857027,0.1358472200208709,7.964342092018229,-0.8420006811015095,-1.619367613280073,"(0, 0, 1)"
246,training,0.02115216851234436,0.11244883481413126,0.1358472200208709,7.962351651762534,-0.8818857399466348,-1.6232038987927875,"(0, 0, 1)"
247,training,0.03405490517616272,0.15447088843211532,0.1358472200208709,7.96017110745115,-0.9218612414613011,-1.627000629012561,"(0, 0, 1)"
248,training,0,0.03515341877937317,0.1358472200208709,7.957915918790896,-0.961773331467348,-1.6274351316519173,"(0, 0, 1)"
249,training,0,0.013538816012442112,0.1358472200208709,7.9556503617695435,-1.0015781467834268,-1.628029436196612,"(0, 0, 1)"
250,training,0,0.014405706897377968,0.1358472200208709,7.953369716584799,-1.0415059805741034,-1.6283392301532915,"(0, 0, 1)"
251,training,0.02773035503923893,0.06513683497905731,0.07571696348540818,4.000886139162984,-1.4407927798804865e-05,-0.0075354314091293315,"(0, 0, 1)"
252,training,0.04653357341885567,0.142359659075737,1.5631886818831555,4.017790709832998,-0.0009048534837500903,-0.08115478947835701,"(0, 0, 1)"
253,training,0.004062929656356573,0.08818914741277695,1.5631886818831555,4.053376125384984,-0.003653272395679389,-0.07288441400218011,"(0, 0, 1)"
254,training,0.01635807752609253,0.15775445906911045,1.5631886818831555,4.093216534347326,-0.006568777449603102,-0.07539177037589365,"(0, 0, 1)"
255,training,0.012913046404719353,0.14302589802537113,1.5631886818831555,4.133108438683216,-0.009654350181073858,-0.07780422987379221,"(0, 0, 1)"
256,training,0.0056584975682199,0.15422488003969193,1.5631886818831555,4.172981565738189,-0.012742434496767636,-0.07708639374915562,"(0, 0, 1)"
257,training,0.016023200005292892,0.19874700903892517,1.5631886818831555,4.2127913903555605,-0.015867744601499274,-0.08097783675055792,"(0, 0, 1)"
258,training,0.016938960179686546,0.1828476064838469,0.011218146044128602,4.252627132928753,-0.019162229657416187,-0.08286497125982839,"(0, 0, 1)"
259,training,0.035933129489421844,0.07081981562077999,0.011218146044128602,4.293000190919403,-0.022604957509390698,-0.09414839906509848,"(0, 0, 1)"
260,training,0.01003171131014824,0.09246274456381798,0.011218146044128602,4.333038818908773,-0.026886261760003777,-0.11433300661843752,"(1, 0, 0)"
261,training,0.005769152194261551,0.05445774272084236,0.011218146044128602,4.37271868360807,-0.03147125065401191,-0.10878306878878302,"(1, 0, 0)"
262,training,0.011571080423891544,0.09286390990018845,0.011218146044128602,4.412383196450679,-0.03545004893849848,-0.09278473107424695,"(1, 0, 0)"
263,training,0,0.007134814281016589,0.011218146044128602,4.452121552298739,-0.03880184788187998,-0.07217654604812494,"(1, 0, 0)"
264,training,0,0.0013929526321589947,0.011498035551386093,4.491903991929132,-0.041298136515392714,-0.06025186307418777,"(1, 0, 0)"
265,training,0,0.006088884547352791,0.011498035551386093,4.531817341760296,-0.04370193158598742,-0.06088247206829521,"(1, 0, 0)"
266,training,0,0.0034936536103487015,0.011498035551386093,4.571709854997152,-0.04611206624359583,-0.05946962820273533,"(1, 0, 0)"
267,training,0,0.036895887926220894,0.011498035551386093,4.611534658580744,-0.04846301346016833,-0.059566437035757404,"(1, 0, 0)"
268,training,0,0.005714790895581245,0.011498035551386093,4.651475049855149,-0.05084414761812122,-0.05953695725986278,"(1, 0, 0)"
269,training,0,0.008003424853086473,0.011498035551386093,4.691374037151486,-0.053182808288571234,-0.05796975426957327,"(1, 0, 0)"
270,training,0,0.0054681487381458265,0.01939369841305635,4.731211742761561,-0.055501175408422636,-0.058282031292247585,"(1, 0, 0)"
271,training,0,0.014831401407718658,0.01939369841305635,4.771118074381395,-0.057782577379238705,-0.0553641084401415,"(1, 0, 0)"
272,training,0,0.008499838411808014,0.01939369841305635,4.810921533010666,-0.059896207650231174,-0.05131317239831312,"(1, 0, 0)"
273,training,0,0.010003439150750639,0.01939369841305635,4.8508742962593745,-0.061858882899039264,-0.047262242667033265,"(1, 0, 0)"
274,training,0,0.023937882855534554,0.01939369841305635,4.890770364291583,-0.06363391497054932,-0.04181128231845508,"(1, 0, 0)"
275,training,0,0.035014137625694275,0.01939369841305635,4.9305796604792995,-0.06523501848627565,-0.03872389392072877,"(1, 0, 0)"
276,training,0,0.03544418513774872,0.034620756218700824,4.970542553963962,-0.06667344421776043,-0.032434112883997834,"(1, 0, 0)"
277,training,0,0.00020345300436019897,0.034620756218700824,5.010322654076458,-0.06778048845593403,-0.023967108199641544,"(1, 0, 0)"
278,training,0,0.015368957072496421,0.034620756218700824,5.050252630112861,-0.06853028312652024,-0.0123220284600696,"(1, 0, 0)"
279,training,0,0.021955486387014396,0.034620756218700824,5.09016837852577,-0.06871357963388108,0.003357760652246385,"(1, 0, 0)"
280,training,0,0.042757175862789154,0.034620756218700824,5.1299006217599015,-0.0683168425835439,0.015755134807605264,"(1, 0, 0)"
281,training,0.08709421008825302,0.05463501624763012,0.034620756218700824,5.169918651149069,-0.06742477093180732,0.029626923886068537,"(1, 0, 0)"
282,training,0,0.03663310082629323,0.03730436226983434,5.2099957596645945,-0.06597352783430797,0.03727101261824153,"(1, 0, 0)"
283,training,0,0.029117107391357422,0.03730436226983434,5.250003458005908,-0.06463597974367233,0.029042405592966912,"(1, 0, 0)"
284,training,0,0.03822300769388676,0.03730436226983434,5.290027287210702,-0.06360275593522922,0.023535588935837844,"(1, 0, 0)"
285,training,0,0.028447467833757404,0.03730436226983434,5.329932444564199,-0.06274755343173925,0.019155859978979527,"(1, 0, 0)"
286,training,0,0.01589502301067114,0.03730436226983434,5.370013990546958,-0.062053590586483576,0.016023460064408745,"(1, 0, 0)"
287,training,0,0.010000905022025108,0.03052766671863646,5.409914993107017,-0.06139033732722623,0.016835506687653937,"(1, 0, 0)"
288,training,0,0.008670938666909933,0.03052766671863646,5.449846481157642,-0.060723235132784,0.016322497195964018,"(1, 0, 0)"
289,training,0,0.011939091607928276,0.03052766671863646,5.489843600114826,-0.06006872288906759,0.016859038412439933,"(1, 0, 0)"
290,training,0,0.030833913013339043,0.03052766671863646,5.5297495309391484,-0.05938024237537905,0.01661004916985625,"(1, 0, 0)"
291,training,0,0.021137356758117676,0.03052766671863646,5.569793730526335,-0.05875565144956091,0.014054360085379095,"(1, 0, 0)"
292,training,0,0.0436903927475214,0.03052766671863646,5.609742814078049,-0.05821205875702856,0.013049687723269782,"(1, 0, 0)"
293,training,0,0.03619580715894699,0.02151396372941807,5.649677343874213,-0.05775873813769142,0.008604575118149577,"(1, 0, 0)"
294,training,0.01135588251054287,0.05177789553999901,0.02151396372941807,5.689735533312725,-0.057515184592743074,0.00408824906958882,"(1, 0, 0)"
295,training,0.004057733342051506,0.08945855125784874,0.02151396372941807,5.729477226124818,-0.05736476928401887,0.004207451559243742,"(1, 0, 0)"
296,training,0.018182778730988503,0.1369954003021121,0.02151396372941807,5.76935240376824,-0.057019675227216196,0.018866955369015833,"(1, 0, 0)"
297,training,0,0.020884200930595398,0.02151396372941807,5.809155041277881,-0.05569459887484711,0.04605196436715111,"(1, 0, 0)"
298,training,0,0.005156746134161949,0.02151396372941807,5.848891667690111,-0.05360347954791106,0.05322084815637008,"(1, 0, 0)"
299,training,0,0.00845453329384327,0.02213708348029241,5.8889558152400525,-0.05152882921433342,0.049211428668726125,"(1, 0, 0)"
300,training,0,0.007038738578557975,0.02213708348029241,5.928844091791094,-0.04962869631532976,0.045301479091155145,"(1, 0, 0)"
301,training,0,0.007794518023729321,0.02213708348029241,5.968780569663376,-0.04792889819037331,0.0395218328763552,"(1, 0, 0)"
302,training,0,0.008949844166636467,0.02213708348029241,6.00881602947685,-0.04645476852089099,0.03464175285909084,"(1, 0, 0)"
303,training,0,0.007202109321951866,0.02213708348029241,6.048718073147991,-0.04516586970098523,0.029255777486097093,"(1, 0, 0)"
304,training,0,0.025340766180306673,0.02213708348029241,6.088792122808857,-0.044117034592419876,0.02291410587214312,"(1, 0, 0)"
305,training,0,0.02304334007203579,0.00888976454327389,6.128752634687926,-0.04328867022483072,0.018194199140678043,"(1, 0, 0)"
306,training,0,0.03445907589048147,0.00888976454327389,6.168709871848718,-0.04270942425473712,0.010075032683721712,"(1, 0, 0)"
307,training,0,0.03768702317029238,0.00888976454327389,6.208780641220948,-0.042479001498284895,0.0018352879465273074,"(1, 0, 0)"
308,training,0.008137463591992855,0.10352452844381332,0.00888976454327389,6.248782739323674,-0.04255133513763545,-0.006182478473722831,"(1, 0, 0)"
309,training,0.01138377096503973,0.11895092576742172,0.00888976454327389,6.288870734989713,-0.04302141664137776,-0.01860784809114364,"(1, 0, 0)"
310,training,0,0.027910776436328888,0.0070865938611980915,6.32888090154513,-0.04399266345114559,-0.02840375720455215,"(1, 0, 0)"
311,training,0,0.03387250192463398,0.0070865938611980915,6.368782632011578,-0.04524305437390569,-0.033232657200608376,"(1, 0, 0)"
312,training,0.10226038098335266,0.07413077913224697,0.0070865938611980915,6.408808804848604,-0.04659356982232724,-0.034070743851487964,"(1, 0, 0)"
313,training,0.03320731967687607,0.0785276535898447,0.0070865938611980915,6.44874751690639,-0.047934730390045435,-0.034009373154578935,"(1, 0, 0)"
314,training,0,0.004647150635719313,0.0070865938611980915,6.488597994043081,-0.049306991566587646,-0.03249281099724733,"(1, 0, 0)"
315,training,0,0.002474777400493622,0.0070865938611980915,6.52858455995944,-0.05040641988763784,-0.020810101886115918,"(1, 0, 0)"
316,training,0,0.009156093001365662,0.02983105109631948,6.568347465292988,-0.05095180986319827,-0.00790751828756121,"(1, 0, 0)"
317,training,0,0.018959563225507736,0.02983105109631948,6.608314271031746,-0.05103593214741376,0.003624151443981232,"(1, 0, 0)"
318,training,0,0.03405731916427613,0.02983105109631948,6.648213398966837,-0.05061713380606256,0.01754115450841443,"(1, 0, 0)"
319,training,0.0058921691961586475,0.06084861233830451,0.02983105109631948,6.687940450281415,-0.04966325235485477,0.03118097263416634,"(1, 0, 0)"
320,training,0.09371814131736755,0.07648787088692188,0.02983105109631948,6.7279355016187425,-0.04808612106882824,0.04881465605835154,"(1, 0, 0)"
321,training,0.023836471140384674,0.0630328543484211,0.02983105109631948,6.7675988547778045,-0.04575338010101831,0.06679102880834827,"(1, 0, 0)"
322,training,0.014223168604075909,0.0689103975892067,0.03765777407372144,6.807378457838942,-0.04278265194807277,0.08302654058135374,"(1, 0, 0)"
323,training,0.01330206636339426,0.10927527956664562,0.03765777407372144,6.8472018702863995,-0.039139021518493265,0.10022882997592499,"(1, 0, 0)"
324,training,0.004446357488632202,0.12838038988411427,0.03765777407372144,6.886662761949221,-0.034840708180333024,0.11804253742256886,"(1, 0, 0)"
325,training,0.04424269497394562,0.14993518590927124,0.03765777407372144,6.926291678604257,-0.029701376510446572,0.14131969344518297,"(1, 0, 0)"
326,training,0.011253470554947853,0.1367259845137596,0.03765777407372144,6.965465934982738,-0.02367110621037186,0.16223232993479697,"(1, 0, 0)"
327,training,0.0037749570328742266,0.1263754852116108,0.03765777407372144,7.0047658874176015,-0.01698308819607228,0.1737222859254375,"(1, 0, 0)"
328,training,0.017328737303614616,0.16659169644117358,0.012778253311552851,7.044221158870716,-0.009911941622125784,0.17959234286648457,"(1, 0, 0)"
329,training,0.027769770473241806,0.21129624545574188,0.012778253311552851,7.0833012254511685,-0.002686358453430881,0.1882017782824206,"(1, 0, 0)"
330,training,0.012699350714683533,0.1253332402557135,0.012778253311552851,7.122528618467451,0.00504847539140813,0.2006436627610152,"(1, 0, 0)"
331,training,0.07589171081781387,0.11623625457286835,0.012778253311552851,7.1617842534081175,0.013090691798420278,0.19943496983177034,"(1, 0, 0)"
332,training,0.022988304495811462,0.09343773871660235,0.012778253311552851,7.200968061606402,0.020839987651011083,0.1899321492134455,"(1, 0, 0)"
333,training,0.02370896190404892,0.10228198766708374,0.012778253311552851,7.240532743036255,0.028201646123215286,0.17710401259798153,"(1, 0, 0)"
334,training,0.010346965864300728,0.08817696571350098,0.026314220781907063,7.279859408023784,0.03496596950223429,0.1640963089340403,"(1, 0, 0)"
335,training,0.03278522193431854,0.08546685427427292,0.026314220781907063,7.319460487750137,0.041283720832110585,0.1521159604469315,"(1, 0, 0)"
336,training,0.005577041767537594,0.1630569342523813,0.026314220781907063,7.359186730679095,0.04713525507495818,0.14127431578070626,"(1, 0, 0)"
337,training,0.06633704155683517,0.14721193164587024,0.026314220781907063,7.398717997872637,0.052573682827045415,0.13252350420890727,"(1, 0, 0)"
338,training,0.004468340426683426,0.11846642196178436,0.026314220781907063,7.438630246908845,0.05766754543932392,0.11959014455321007,"(1, 0, 0)"
339,training,0.01293192058801651,0.11105909943580627,0.026314220781907063,7.478411334476828,0.062114358521120426,0.10166358552325767,"(1, 0, 0)"
340,training,0.024686206132173538,0.07570058107376099,0.05845052356154503,7.518386069852773,0.06574849498228834,0.07894260890806039,"(1, 0, 0)"
341,training,0.0052748555317521095,0.08549138903617859,0.05845052356154503,7.558501278994955,0.06848634441274463,0.05920785932080701,"(1, 0, 0)"
342,training,0.027219446375966072,0.15309790521860123,0.05845052356154503,7.598409070894031,0.07053529190225442,0.0448607137481635,"(1, 0, 0)"
343,training,0.02782285585999489,0.2791859060525894,0.05845052356154503,7.638492279159934,0.07219154546634193,0.04321417904660409,"(1, 0, 0)"
344,training,0.005964571610093117,0.17590957880020142,0.05845052356154503,7.6782652766351625,0.07421966614685868,0.06116330069859659,"(1, 0, 0)"
345,training,0.023804262280464172,0.12879075482487679,0.05845052356154503,7.718028405556604,0.0769656256362833,0.0690775046568341,"(1, 0, 0)"
346,training,0.0065624588169157505,0.09882050007581714,0.08013848515445525,7.758089551556378,0.07958674127530052,0.06041748634275539,"(1, 0, 0)"
347,training,0.05925039201974869,0.06350172311067581,0.08013848515445525,7.798009683702385,0.08176561676770963,0.047010304355693235,"(1, 0, 0)"
348,training,0.025018032640218735,0.07884401082992556,0.08013848515445525,7.838133681950484,0.08333553083975584,0.03104741298039359,"(1, 0, 0)"
349,training,0.09168283641338348,0.16959179192781448,0.08013848515445525,7.87816637582625,0.0843409679169334,0.0214240283300315,"(1, 0, 0)"
350,training,0.034440889954566956,0.18984264135360718,0.08013848515445525,7.9180443505298275,0.08514542557732159,0.0225523249773438,"(1, 0, 0)"
351,training,0.009765919297933578,0.10363149642944336,0.08013848515445525,7.958057009212022,0.08620861928391965,0.029439795363131595,"(1, 0, 0)"
352,training,0,0.046841755509376526,0.08322064175709105,7.9980793450973895,0.08740105727375247,0.025167167987667525,"(1, 0, 0)"
353,training,0,0.043671868741512285,0.08322064175709105,8.038177064413748,0.0881031372566017,0.009292050983612543,"(1, 0, 0)"
354,training,0,0.0468190535902977,0.08322064175709105,8.078257710653354,0.08817627456367963,-0.005375408822102398,"(1, 0, 0)"
355,training,0.003146196249872446,0.0535353422164917,0.08322064175709105,8.118311276537991,0.08766904198920665,-0.019861281277485262,"(1, 0, 0)"
356,training,0,0.04428836703300473,0.08322064175709105,8.158408338335189,0.08658442241396004,-0.03447385414475091,"(1, 0, 0)"
357,training,0.0027304342947900295,0.1025586128234863,0.08278767430702234,8.198455844450152,0.08491103924541353,-0.049714452326634295,"(1, 0, 0)"
358,training,0,0.042094469070434584,0.08278767430702234,8.238523835782933,0.08256336529163447,-0.06773823044170575,"(1, 0, 0)"
359,training,0,0.045993007719516754,0.08278767430702234,8.278482241618658,0.0795311438552173,-0.08299985059442457,"(1, 0, 0)"
360,training,0,0.0447501540184021,0.08278767430702234,8.318417011913686,0.07596102602544069,-0.09484549392462517,"(1, 0, 0)"
361,training,0.010076994076371193,0.061187444254755974,0.08278767430702234,8.358201288659775,0.07198621828393156,-0.10327719891074887,"(1, 0, 0)"
362,training,0.011609144508838654,0.0718812383711338,0.08278767430702234,8.397956743353243,0.06778853851236259,-0.1059589780592193,"(1, 0, 0)"
363,training,0.010785097256302834,0.12207095324993134,0.062365210363514494,8.43756651568283,0.06358857491174127,-0.10428310898775134,"(1, 0, 0)"
364,training,0.007836207747459412,0.10877005010843277,0.062365210363514494,8.47723396543564,0.05962229139984365,-0.09380705231260536,"(1, 0, 0)"
365,training,0.005690513178706169,0.07493672519922258,0.062365210363514494,8.517021123962794,0.05615260831401363,-0.08118480187548818,"(1, 0, 0)"
366,training,0.004793392028659582,0.05165941640734671,0.062365210363514494,8.55678449346251,0.053027811791899616,-0.07893325743454009,"(1, 0, 0)"
367,training,0.007486933842301369,0.08004823327064514,0.062365210363514494,8.59662612334863,0.04982311869000638,-0.08205873748902764,"(1, 0, 0)"
368,training,0.01488577201962471,0.13410723954439163,0.062365210363514494,8.636158289355834,0.04653680416038973,-0.08159041657996702,"(1, 0, 0)"
369,training,0,0.027139643207192414,0.053155617063520406,8.675970655110774,0.04350121976977714,-0.07132556562858394,"(1, 0, 0)"
370,training,0,0.011275505647063255,0.053155617063520406,8.715842010898387,0.04076907098112304,-0.06859577287399352,"(1, 0, 0)"
371,training,0,0.04074033256620169,0.053155617063520406,8.755690745116203,0.03793887219478471,-0.07407819708070665,"(1, 0, 0)"
372,training,0,0.02372359298169613,0.053155617063520406,8.79555638154899,0.03490772840657002,-0.07724558937804253,"(1, 0, 0)"
373,training,0,0.03952038288116456,0.053155617063520406,8.835396219846285,0.031789267138803555,-0.07992409980027883,"(1, 0, 0)"
374,training,0,0.0008778043556958437,0.053155617063520406,8.875267826891019,0.028539358543639794,-0.08272999073607397,"(1, 0, 0)"
375,training,0,0.0033402293920516968,0.050781231162575415,8.915100217434444,0.02523390911515365,-0.08292253276358805,"(1, 0, 0)"
376,test,0,0.0003430764190852642,0.050781231162575415,8.954893242783319,0.02190548860394984,-0.0848390518488023,"(1, 0, 0)"
377,test,0,0.010574281215667725,0.050781231162575415,8.994711249082911,0.018503599761465473,-0.08547162479078832,"(1, 0, 0)"
378,test,0,0.007475703489035367,0.050781231162575415,9.034577361194204,0.01510330791511065,-0.08524486553475633,"(1, 0, 0)"
379,test,0,0.018371358513832092,0.050781231162575415,9.07436433152869,0.011671705290500252,-0.08683096553383496,"(1, 0, 0)"
380,test,0,0.014015156775712967,0.050781231162575415,9.114159329033923,0.008226605217788029,-0.08591528135468741,"(1, 0, 0)"
381,test,0,0.06906776130199432,0.051184530397763196,4.000906449001498,-1.266961462295077e-05,-0.004859162592560558,"(1, 0, 0)"
382,test,0,0.05661893170326948,1.5964285995381748,4.016947912517972,-8.020318343114914e-05,0.010046777728338318,"(1, 0, 0)"
383,test,0,0.023030892014503465,1.5964285995381748,4.050768644121208,0.0010979161085852038,0.038094268470575586,"(1, 0, 0)"
384,test,0,0.027073059231042862,1.5964285995381748,4.090899831696009,0.002321654948178858,0.020945255010858536,"(1, 0, 0)"
385,test,0,0.01852685585618019,1.5964285995381748,4.130865525141961,0.0028149885294248317,0.0038873904940929732,"(1, 0, 0)"
386,test,0,0.0070726945996284485,1.5964285995381748,4.171100139959611,0.002667264292322733,-0.010784047325865607,"(1, 0, 0)"
387,test,0,0.007233370095491409,1.5964285995381748,4.211036114190686,0.0019673119984924287,-0.023304344963838923,"(1, 0, 0)"
388,test,0,0.019461147487163544,0.027689141289720696,4.251058647007142,0.0008410612601290616,-0.03248859849448886,"(1, 0, 0)"
389,test,0,0.033404722809791565,0.027689141289720696,4.291156275675888,-0.0006181873569487044,-0.04043592972362202,"(1, 0, 0)"
390,test,0,0.0376012297347188,0.027689141289720696,4.331008096557837,-0.0023268675669070814,-0.044895724733469915,"(1, 0, 0)"
391,test,0,0.0402247179299593,0.027689141289720696,4.3710711019595205,-0.004185090339088795,-0.047905648657950474,"(1, 0, 0)"
392,test,0,0.054449209943413734,0.027689141289720696,4.410977318192647,-0.0061572160528310105,-0.05108306341240706,"(1, 0, 0)"
393,test,0,0.053247302770614624,0.027689141289720696,4.450854655184225,-0.008206312734159275,-0.05118515095019569,"(1, 0, 0)"
394,test,0,0.05466835759580135,0.020747849714369052,4.490923746909539,-0.01024825456532,-0.05108793423788314,"(1, 0, 0)"
395,test,0,0.06282803416252136,0.020747849714369052,4.5307080613209605,-0.012271453924092303,-0.050718125669964635,"(1, 0, 0)"
396,test,0,0.060722511261701584,0.020747849714369052,4.57069448433823,-0.01427387053082618,-0.049074416495625856,"(1, 0, 0)"
397,test,0,0.05984898656606674,0.020747849714369052,4.610649265055529,-0.016200133054826548,-0.04788679667743635,"(1, 0, 0)"
398,test,0,0.06467543914914131,0.020747849714369052,4.650477674989217,-0.018061515593679186,-0.04583942043285049,"(1, 0, 0)"
399,test,0,0.05862848833203316,0.020747849714369052,4.690552265755158,-0.019857712511680344,-0.04356269967447336,"(1, 0, 0)"
400,test,0,0.01491166278719902,0.013768900609413178,4.730361943225359,-0.021556980926403752,-0.04224001619876808,"(1, 0, 0)"
401,test,0,0.04521235823631286,0.013768900609413178,4.7703063997527915,-0.023194140609159496,-0.039482097295632367,"(1, 0, 0)"
402,test,0,0.04640031978487968,0.013768900609413178,4.810325722152117,-0.02472260657595749,-0.03764637570330691,"(1, 0, 0)"
403,test,0,0.048130063340067857,0.013768900609413178,4.850152144133896,-0.026165813410117245,-0.03495297510141517,"(1, 0, 0)"
404,test,0,0.053035639226436615,0.013768900609413178,4.8902112173651675,-0.02751760015018613,-0.032839714735313705,"(1, 0, 0)"
405,test,0,0.03054668754339218,0.013768900609413178,4.930108009064817,-0.028804961671460044,-0.03177890546428505,"(1, 0, 0)"
406,test,0,0.01606908813118934,0.013013823910520717,4.970008520040528,-0.03000241471941849,-0.027708111113300033,"(1, 0, 0)"
407,test,0,0.009632203727960593,0.013013823910520717,5.010028163154981,-0.031001563947786838,-0.022112725812875197,"(1, 0, 0)"
408,test,0,0.0053433701395988464,0.013013823910520717,5.04984805137995,-0.031714690178748214,-0.013025535451531992,"(1, 0, 0)"
409,test,0,0.0013957321643829346,0.013013823910520717,5.089826082480148,-0.03201884537584732,-0.002076041649404848,"(1, 0, 0)"
410,test,0,0.048053156584501266,0.013013823910520717,5.129743379593753,-0.03192212546002312,0.006234485055120085,"(1, 0, 0)"
411,test,0,0.053531672805547714,0.013013823910520717,5.169576685783919,-0.031467981594550644,0.016667207803571952,"(1, 0, 0)"
412,test,0,0.08527515456080435,0.014983243899245274,5.209543802395975,-0.030612347623424185,0.02527610890954899,"(1, 0, 0)"
413,test,0,0.09340060129761696,0.014983243899245274,5.249373913367663,-0.029487207417067215,0.030310254506631308,"(1, 0, 0)"
414,test,0,0.08989888802170753,0.014983243899245274,5.289315539327398,-0.028198995668157322,0.03369956936718447,"(1, 0, 0)"
415,test,0,0.11735275015234947,0.014983243899245274,5.3293059627545665,-0.026808769433675314,0.03535106270331227,"(1, 0, 0)"
416,test,0,0.06522882729768753,0.014983243899245274,5.3691104858816345,-0.025332081802555043,0.038696723640209846,"(1, 0, 0)"
417,test,0,0.12286788411438462,0.014983243899245274,5.409117210724759,-0.02372033466502444,0.04133694304095218,"(1, 0, 0)"
418,test,0,0.23770106956362727,0.024483902944482324,5.449012584754826,-0.022046963817547862,0.042632969212791395,"(1, 0, 0)"
419,test,0,0.007348828017711639,0.024483902944482324,5.488872051386946,-0.0202777919694787,0.045849461296653224,"(1, 0, 0)"
420,test,0,0.21609120070934296,0.024483902944482324,5.528857161805797,-0.018398135163509997,0.04717767435874662,"(0, 1, 0)"
421,test,0,0.2407747209072113,0.024483902944482324,5.569008451615501,-0.016355009074236895,0.0638509699070925,"(0, 1, 0)"
422,test,0,0.19576402008533478,0.024483902944482324,5.608499047203743,-0.013028613000185714,0.10150261964246793,"(0, 1, 0)"
423,test,0,0.13805563002824783,0.024483902944482324,5.648008941932673,-0.008487781183152313,0.12411289814143796,"(0, 1, 0)"
424,test,0,0.17272090911865234,0.03899958947165526,5.687507978503013,-0.003177962621017637,0.14064666874514853,"(0, 1, 0)"
425,test,0,0.18040317296981814,0.03899958947165526,5.727064713424202,0.0024487416600645216,0.1389801324781588,"(0, 1, 0)"
426,test,0,0.17600619047880173,0.03899958947165526,5.76677281043765,0.00789540620293877,0.13404844519029976,"(0, 1, 0)"
427,test,0,0.18938384391367433,0.03899958947165526,5.80634581195637,0.013199006022416306,0.13182216098987862,"(0, 1, 0)"
428,test,0,0.1952017080038786,0.03899958947165526,5.845975106245466,0.01838464914360122,0.1282830998588489,"(0, 1, 0)"
429,test,0,0.19464714452624318,0.03899958947165526,5.885622021978415,0.023460114022432355,0.1268046144066775,"(0, 1, 0)"
430,test,0,0.18765616975724697,0.07274184803750304,5.925259115669837,0.02849336342832651,0.12475577558461777,"(0, 1, 0)"
431,test,0,0.18751715309917927,0.07274184803750304,5.965007567369351,0.03340000904024849,0.12086649895987149,"(0, 1, 0)"
432,test,0,0.17580980435013768,0.07274184803750304,6.0046421639454275,0.038182575446469476,0.11873039021976974,"(0, 1, 0)"
433,test,0,0.13196931034326553,0.07274184803750304,6.044351698377362,0.04282945595565673,0.11329417381178072,"(0, 1, 0)"
434,test,0,0.19622227922081945,0.07274184803750304,6.084092719416369,0.04724328254956709,0.10867617914755216,"(0, 1, 0)"
435,test,0,0.22638794779777524,0.07274184803750304,6.1238630280165305,0.05152874006019467,0.10567455774418777,"(0, 1, 0)"
436,test,0,0.17730240151286128,0.1018374883491625,6.16364914362472,0.055704593498293015,0.10426836410814393,"(0, 1, 0)"
437,test,0,0.22129966318607328,0.1018374883491625,6.203328302546538,0.05992805260592086,0.1087779802096911,"(0, 1, 0)"
438,test,0,0.25807443633675575,0.1018374883491625,6.242977462446253,0.0643727678724772,0.11390796610907457,"(0, 1, 0)"
439,test,0,0.2649797536432743,0.1018374883491625,6.282682393986056,0.06901680741610858,0.11925386753148676,"(0, 1, 0)"
440,test,0,0.27734399959445,0.1018374883491625,6.3222695547443255,0.07390936296393337,0.12581834910735826,"(0, 1, 0)"
441,test,0,0.2753928303718567,0.1018374883491625,6.361873423757606,0.07899047136797274,0.12891051447992474,"(0, 1, 0)"
442,test,0,0.3116654716432094,0.1302491130922591,6.401438729923615,0.084225415009888,0.1356258740332837,"(0, 1, 0)"
443,test,0,0.34964694082736975,0.1302491130922591,6.4408896852541275,0.08979698407124578,0.1444498398634931,"(0, 1, 0)"
444,test,0,0.34306788444519043,0.1302491130922591,6.480405978240587,0.0957576082935717,0.15637941634019908,"(0, 1, 0)"
445,test,0,0.3028542995452881,0.1302491130922591,6.519698261350896,0.10231202707321677,0.17490153391141203,"(0, 1, 0)"
446,test,0,0.32247312366962433,0.1302491130922591,6.558795192360066,0.1095694157407343,0.19141677420414321,"(0, 1, 0)"
447,test,0,0.31070344150066376,0.1302491130922591,6.598035476138389,0.11748561799914758,0.20752218985973117,"(0, 1, 0)"
448,test,0,0.33261269330978394,0.1915619855693746,6.636791632211193,0.1260248117111532,0.22574670391905358,"(0, 1, 0)"
449,test,0,0.3392336517572403,0.1915619855693746,6.675556421611848,0.1353079410643894,0.24475611646061632,"(0, 1, 0)"
450,test,0,0.32814987003803253,0.1915619855693746,6.714250664094772,0.14536460780244678,0.2670610943549811,"(0, 1, 0)"
451,test,0,0.2990294545888901,0.1915619855693746,6.752323487565866,0.15630149189733988,0.2930503324088677,"(0, 1, 0)"
452,test,0,0.3250988572835922,0.1915619855693746,6.790296978410391,0.16840233087893539,0.32614949282564176,"(0, 1, 0)"
453,test,0,0.31737804412841797,0.1915619855693746,6.827645436112577,0.18178107658252646,0.3623724786208097,"(0, 1, 0)"
454,test,0,0.35473113507032394,0.27676004282014816,6.8644104165762965,0.19653345388888716,0.40108713030012205,"(0, 1, 0)"
455,test,0,0.34583673626184464,0.27676004282014816,6.900539532938442,0.21272140829803707,0.44354278464144065,"(0, 1, 0)"
456,test,0,0.34095065016299486,0.27676004282014816,6.935751502481887,0.23059570148338154,0.499294864077769,"(0, 1, 0)"
457,test,0,0.2914904775097966,0.27676004282014816,6.9696557624373785,0.2505005168840307,0.563495180537992,"(0, 1, 0)"
458,test,0,0.32633889839053154,0.3570911692426506,7.002322200218399,0.272607733271476,0.6252192260490791,"(0, 1, 0)"
459,test,0,0.3124809265136719,0.3570911692426506,7.033757336705865,0.29675162407008476,0.6854459066598272,"(0, 1, 0)"
460,test,0,0.30867044324986637,0.3570911692426506,7.063383152214476,0.32255191283905466,0.7477793697131279,"(0, 1, 0)"
461,test,0,0.29364196583628654,0.3570911692426506,7.0914525042805305,0.35025963990601083,0.8093117184174696,"(0, 1, 0)"
462,test,0,0.30939919874072075,0.45603844869939714,7.117906325268345,0.3796353512025814,0.8647924411785333,"(0, 1, 0)"
463,test,0,0.28487859293818474,0.45603844869939714,7.1427080365216264,0.4103707554221012,0.9185166651226968,"(0, 1, 0)"
464,test,0,0.32124951481819153,0.45603844869939714,7.16587227677337,0.44227770800977007,0.9656396170802379,"(0, 1, 0)"
465,test,0,0.31756483018398285,0.45603844869939714,7.187747906330501,0.47547756785828443,1.0108671449579374,"(0, 1, 0)"
466,test,0,0.2856133431196213,0.45603844869939714,7.208029154057328,0.5094678317307135,1.0551756731313982,"(0, 1, 0)"
467,test,0,0.35795527696609497,0.5473416770831278,7.226828064287527,0.5443296121807067,1.0956472114021314,"(0, 1, 0)"
468,test,0,0.3385726809501648,0.5473416770831278,7.244230770276518,0.5798728632777052,1.1365778385181915,"(0, 1, 0)"
469,test,0,0.225018797442317,0.5473416770831278,7.260081375819487,0.6161745912999388,1.182539276898932,"(0, 1, 0)"
470,test,0,0.2796444743871689,0.5473416770831278,7.27421417090563,0.6530681894222301,1.2247741643353758,"(0, 1, 0)"
471,test,0,0.28210820257663727,0.5473416770831278,7.287062888907573,0.690679130677878,1.255810547365081,"(0, 1, 0)"
472,test,0,0.28259041905403137,0.5473416770831278,7.298956854917845,0.7287683381417541,1.2790003061962794,"(0, 1, 0)"
473,test,0,0.2960360497236252,0.5953546545325609,7.309996714675078,0.7668631825871465,1.2982190234637987,"(0, 1, 0)"
474,test,0,0.2803196869790554,0.5953546545325609,7.320414004337121,0.8054771606485644,1.3163771883249273,"(0, 1, 0)"
475,test,0,0.3031868599355221,0.5953546545325609,7.3301244565852715,0.8441206622517666,1.3308700441653194,"(0, 1, 0)"
476,test,0,0.2929659374058247,0.5953546545325609,7.339451870270294,0.8829104324214919,1.3378508077404643,"(0, 1, 0)"
477,test,0,0.2987127639353276,0.5953546545325609,7.348659872204528,0.9219788757119952,1.340134505582084,"(0, 1, 0)"
478,test,0,0.33836861327290535,0.5953546545325609,7.357729628199234,0.9607328095862281,1.3418452439784494,"(0, 1, 0)"
479,test,0,0.32910259440541273,0.5988611687767097,7.366741272040825,0.9997460449453365,1.346710845477446,"(0, 1, 0)"
480,test,0,0.3011284805834293,0.5988611687767097,7.3755090701303425,1.0387310909792224,1.3531205440824579,"(0, 1, 0)"
481,test,0,0.32805612310767174,0.5988611687767097,7.383983362685842,1.0776694346656905,1.359044010119866,"(0, 1, 0)"
482,test,0,0.2849380485713482,0.5988611687767097,7.3923168861876505,1.1169127020309373,1.3649444723278708,"(0, 1, 0)"
483,test,0,0.2837769966572523,0.5988611687767097,7.400369311060671,1.1559113309272846,1.3685991428591038,"(0, 1, 0)"
484,test,0,0.26405045203864574,0.5988611687767097,7.408406464474627,1.1951141825309004,1.3666489279844178,"(0, 1, 0)"
485,test,0,0.11639383435249329,0.5525778470053861,4.000111452365272,-1.2086966203024886e-06,-2.1177878287284667e-05,"(0, 1, 0)"
486,test,0,0.12013000249862671,1.4944207276126957,4.01058205835803,8.402812584292284e-05,0.006577082232357882,"(0, 1, 0)"
487,test,0,0.16652128100395203,1.4944207276126957,4.047147135427984,0.0005583548715784668,0.022657312423527656,"(0, 1, 0)"
488,test,0,0.19435758143663406,1.4944207276126957,4.086904473481962,0.001890607783400024,0.04439195847633464,"(0, 1, 0)"
489,test,0,0.22855570912361145,1.4944207276126957,4.12660300036283,0.00412684962465492,0.06840062348504387,"(0, 1, 0)"
490,test,0,0.24113395810127258,1.4944207276126957,4.166290678085118,0.007327400770116993,0.09241685850099275,"(0, 1, 0)"
491,test,0,0.28423477709293365,1.4944207276126957,4.205862871617444,0.01151536761909025,0.11922564479853573,"(0, 1, 0)"
492,test,0,0.2818136513233185,0.052146772243001155,4.245297501290906,0.0168309003455937,0.14871200809013058,"(0, 1, 0)"
493,test,0,0.26178526878356934,0.052146772243001155,4.284597697413523,0.023207645490471485,0.17156182225501682,"(0, 1, 0)"
494,test,0,0.2929466664791107,0.052146772243001155,4.323696425461346,0.030413489159537968,0.19169093970835419,"(0, 1, 0)"
495,test,0,0.02812708914279935,0.052146772243001155,4.3627145559003555,0.03831132682674351,0.20661134594752886,"(1, 0, 0)"
496,test,0,0.029857739806175232,0.052146772243001155,4.401967904998915,0.04650033455271408,0.1920802210699277,"(1, 0, 0)"
497,test,0,0.02530115842819214,0.052146772243001155,4.44161287330238,0.05346219158976097,0.15471482594904906,"(1, 0, 0)"
498,test,0,0.032350942492485046,0.06441077205590166,4.4815409211215504,0.05887935985589855,0.11474672966841608,"(1, 0, 0)"
499,test,0,0.02595934271812439,0.06441077205590166,4.521491266952465,0.06278412673484737,0.08163768962076377,"(1, 0, 0)"
500,test,0,0.020671263337135315,0.06441077205590166,4.561735415754756,0.06549923994653567,0.053735523453570896,"(1, 0, 0)"
501,test,0,0.031229496002197266,0.06441077205590166,4.601740866527508,0.0671232692206965,0.028428202806832243,"(1, 0, 0)"
502,test,0,0.012777678668498993,0.06441077205590166,4.641856332480772,0.0678171285132998,0.007062760609130983,"(1, 0, 0)"
503,test,0,0.09657615423202515,0.10117117925582905,4.682159264013498,0.06774628669613476,-0.009100240102054237,"(1, 0, 0)"
504,test,0,0.112116239964962,0.10117117925582905,4.722013748397428,0.06714101460701913,-0.020292886906467193,"(1, 0, 0)"
505,test,0,0.11385847255587578,0.10117117925582905,4.762131991811626,0.06617810870430045,-0.02699043482584053,"(1, 0, 0)"
506,test,0,0.0679728277027607,0.10117117925582905,4.802125754755267,0.06499780095250841,-0.0316133463329506,"(1, 0, 0)"
507,test,0,0.055799450725317,0.10117117925582905,4.842033086377532,0.06367288570892793,-0.0343724007602006,"(1, 0, 0)"
508,test,0,0.13429618626832962,0.0983893254632156,4.882163343982459,0.06226964380656967,-0.03465986227141565,"(1, 0, 0)"
509,test,0,0.13804180547595024,0.0983893254632156,4.921945262796723,0.06092712025417142,-0.03239363096147514,"(1, 0, 0)"
510,test,0,0.14303291961550713,0.0983893254632156,4.96194533730766,0.059695009845597516,-0.029354202010238965,"(1, 0, 0)"
511,test,0,0.13712548464536667,0.0983893254632156,5.001956414677785,0.05857177955519971,-0.026440595899417392,"(1, 0, 0)"
512,test,0,0.07219486311078072,0.0983893254632156,5.041788265583253,0.05760074134250676,-0.02229044397127255,"(1, 0, 0)"
513,test,0,0.13602611050009727,0.0983893254632156,5.08189411519023,0.05678761492681755,-0.018043640396019887,"(1, 0, 0)"
514,test,0,0.14066054299473763,0.0872277965133919,5.121756698007463,0.056134106368080916,-0.014749822842974663,"(1, 0, 0)"
515,test,0,0.14955783262848854,0.0872277965133919,5.161715842606558,0.05561753880437946,-0.01115976986466784,"(1, 0, 0)"
516,test,0,0.13132540881633759,0.0872277965133919,5.201803727546531,0.055224571405016985,-0.008914404379858014,"(1, 0, 0)"
517,test,0,0.07535680383443832,0.0872277965133919,5.241638884466933,0.05492387388830661,-0.006397684100834732,"(1, 0, 0)"
518,test,0,0.15769416838884354,0.0872277965133919,5.281716847074923,0.05472297233636576,-0.003493047433921179,"(1, 0, 0)"
519,test,0,0.15250442177057266,0.0872277965133919,5.321650257588344,0.05463529272794817,-0.0009357115627566015,"(1, 0, 0)"
520,test,0,0.1578473635017872,0.08511328788971889,5.361560652369162,0.054667485553042655,0.0022046542881525195,"(1, 0, 0)"
521,test,0,0.11206601560115814,0.08511328788971889,5.401679823064052,0.054811717574281965,0.005064221566849699,"(1, 0, 0)"
522,test,0,0.08752862364053726,0.08511328788971889,5.441489475641681,0.05508191404061486,0.008416629672391379,"(1, 0, 0)"
523,test,0,0.1712805517017841,0.08511328788971889,5.48151162844145,0.055494833241489384,0.012151037060754905,"(1, 0, 0)"
524,test,0,0.16644543036818504,0.08511328788971889,5.521520979704726,0.05604561205655617,0.015429490356278523,"(1, 0, 0)"
525,test,0,0.10813512653112413,0.08511328788971889,5.561370024296138,0.05673528072312788,0.018855508622919057,"(1, 0, 0)"
526,test,0,0.09739765617996454,0.08851964957637709,5.601489801589116,0.057525309385880866,0.019923746019077475,"(1, 0, 0)"
527,test,0,0.06478889286518098,0.08851964957637709,5.64132082884942,0.058315053076952734,0.01903226356305292,"(1, 0, 0)"
528,test,0,0.08513009361922742,0.08851964957637709,5.681312294570289,0.059039752888643195,0.01664729276630914,"(1, 0, 0)"
529,test,0,0.07791842892765999,0.08851964957637709,5.721462267867124,0.05963639390137468,0.012844149443637178,"(1, 0, 0)"
530,test,0,0.03956032544374466,0.08851964957637709,5.7612996714789855,0.060075508595966484,0.00804654854992483,"(0, 0, 1)"
531,test,0,0.04213742911815643,0.08851964957637709,5.801544462332943,0.060061904053607444,-0.012568737883887562,"(0, 0, 1)"
532,test,0,0.06977163627743721,0.04955584330226286,5.841632852475285,0.05911851550031682,-0.03312112211657284,"(0, 0, 1)"
533,test,0,0.08876369148492814,0.04955584330226286,5.8816178672524115,0.05749466620212376,-0.04634901294938949,"(0, 0, 1)"
534,test,0,0.07975391857326031,0.04955584330226286,5.921768726629117,0.05548126170335616,-0.05235076141407937,"(0, 0, 1)"
535,test,0,0.07755013555288315,0.04955584330226286,5.961536999620982,0.05332844647980984,-0.0558180790177906,"(0, 0, 1)"
536,test,0,0.07181207276880743,0.04955584330226286,6.00153868633721,0.05104907884638715,-0.05819189409445354,"(0, 0, 1)"
537,test,0,0.17633309960365295,0.04955584330226286,6.04147609214549,0.048683983694981864,-0.06064376232273698,"(0, 0, 1)"
538,test,0,0.152978140860796,0.05059440685386286,6.08130391987598,0.046208788549772936,-0.06391193894149057,"(0, 0, 1)"
539,test,0,0.1399561706930399,0.05059440685386286,6.121384258747646,0.0435689288037624,-0.06779600605184165,"(0, 0, 1)"
540,test,0,0.1560859587043524,0.05059440685386286,6.161140753683803,0.04079961359435302,-0.07190600818777876,"(0, 0, 1)"
541,test,0,0.12942286580801007,0.05059440685386286,6.201053299081934,0.037844867670563866,-0.07621347486988696,"(0, 0, 1)"
542,test,0,0.12037034519016743,0.05059440685386286,6.2410535366077715,0.03469697426781685,-0.08149897172982609,"(0, 0, 1)"
543,test,0,0.07647346705198288,0.05059440685386286,6.280743997009282,0.03131967103994468,-0.08811910247595031,"(0, 0, 1)"
544,test,0,0.05833521857857704,0.07121665119899293,6.320720014171755,0.027667898544996287,-0.09410999893669185,"(0, 0, 1)"
545,test,0,0.06484760902822018,0.07121665119899293,6.3604401561424115,0.02382532450791141,-0.0996306670990814,"(0, 0, 1)"
546,test,0,0.04823448508977891,0.07121665119899293,6.400201838028407,0.019747681377823297,-0.10434662541806274,"(0, 0, 1)"
547,test,0,0.05090727284550667,0.07121665119899293,6.440086311748451,0.015520173463224901,-0.10645295652277861,"(0, 0, 1)"
548,test,0,0.06703617796301842,0.07121665119899293,6.479660625548508,0.011257726311061315,-0.1087510378686327,"(0, 0, 1)"
549,test,0,0.0655406005680561,0.07121665119899293,6.519484316596154,0.006881041951235924,-0.1100726154262491,"(0, 0, 1)"
550,test,0,0.05990736372768878,0.0652538614773941,6.559199369047876,0.002514563103605283,-0.10926832038970777,"(0, 0, 1)"
551,test,0,0.047775506973266595,0.0652538614773941,6.598821295826195,-0.0018250936343630522,-0.10891004844531096,"(0, 0, 1)"
552,test,0,0.10693971440196037,0.0652538614773941,6.638689267834016,-0.006155313931766573,-0.10711776319229017,"(0, 0, 1)"
553,test,0,0.09284267202019691,0.0652538614773941,6.678256000204783,-0.010344430218594092,-0.10484387583996699,"(0, 0, 1)"
554,test,0,0.07432594150304794,0.0652538614773941,6.718039298904676,-0.014488070555601385,-0.10280113788448118,"(0, 0, 1)"
555,test,0,0.14880260638892653,0.0652538614773941,6.7578673785437235,-0.018538624507674788,-0.09992709924569487,"(0, 0, 1)"
556,test,0,0.13428620249032974,0.06707449577193639,6.797466663930028,-0.02248161395272398,-0.09884790528026435,"(0, 0, 1)"
557,test,0,0.15111360512673855,0.06707449577193639,6.837374406125055,-0.02642328581649585,-0.09838734614881572,"(0, 0, 1)"
558,test,0,0.14428473822772503,0.06707449577193639,6.87705522434958,-0.03031835957973254,-0.09851790471122782,"(0, 0, 1)"
559,test,0,0.18331722170114517,0.06707449577193639,6.916823640791954,-0.03427343931933717,-0.10010831262803978,"(0, 0, 1)"
560,test,0,0.18801905401051044,0.06707449577193639,6.956728384356038,-0.038318019444287206,-0.10210194180796339,"(0, 0, 1)"
561,test,0,0.20618416182696817,0.06707449577193639,6.996329277567642,-0.04244148585542145,-0.10638752880707172,"(0, 0, 1)"
562,test,0,0.24677592888474464,0.04817252880862667,7.036194185255842,-0.046802951483908305,-0.11179779008241714,"(0, 0, 1)"
563,test,0,0.2818209286779165,0.04817252880862667,7.075897804664445,-0.05132942654311745,-0.11563908797492317,"(0, 0, 1)"
564,test,0,0.28430827707052225,0.04817252880862667,7.115527350961899,-0.056032106698563795,-0.12104490238497179,"(0, 0, 1)"
565,test,0,0.29847288876771927,0.04817252880862667,7.155353401104094,-0.06099186640292318,-0.12692721524145473,"(0, 0, 1)"
566,test,0,0.33520552329719067,0.04817252880862667,7.194861821308252,-0.06615083719298206,-0.13367577109260856,"(0, 0, 1)"
567,test,0,0.33590723387897015,0.04817252880862667,7.234539387623829,-0.07160478380412835,-0.13900290555579914,"(0, 0, 1)"
568,test,0,0.31964417919516563,0.029634188741907624,7.274185252327571,-0.07718915800880417,-0.14030007746463413,"(0, 0, 1)"
569,test,0,0.32808100059628487,0.029634188741907624,7.313594729167843,-0.08278207006271684,-0.1418354191257319,"(0, 0, 1)"
570,test,0,0.3291658274829387,0.029634188741907624,7.353272544189562,-0.08844889346619605,-0.1417720892707017,"(0, 0, 1)"
571,test,0,0.35635217651724815,0.029634188741907624,7.3926968897141565,-0.09401477379666705,-0.13956176056832534,"(0, 0, 1)"
572,test,0,0.330166857689619,0.029634188741907624,7.432257992992442,-0.09949598292679168,-0.13490516076430395,"(0, 0, 1)"
573,test,0,0.3084244579076767,0.029634188741907624,7.471929215654305,-0.10473202840017207,-0.12670870744435975,"(0, 0, 1)"
574,test,0,0.32664476335048676,0.09591803208749597,7.511380886715961,-0.10959715776031952,-0.11975244594074143,"(0, 0, 1)"
575,test,0,0.3173215501010418,0.09591803208749597,7.551145926163915,-0.11425080113631629,-0.11281989671861717,"(0, 0, 1)"
576,test,0,0.3175337314605713,0.09591803208749597,7.590774160655259,-0.11857458928230125,-0.10546395147644402,"(0, 0, 1)"
577,test,0,0.31786119565367704,0.09591803208749597,7.630447490870004,-0.12265697813482,-0.10036090591036283,"(0, 0, 1)"
578,test,0,0.31392769142985344,0.09591803208749597,7.670359918246147,-0.12659953010101546,-0.09639372117116363,"(0, 0, 1)"
579,test,0,0.3219416104257106,0.09591803208749597,7.709975664128642,-0.13034897296866862,-0.09341487404512204,"(0, 0, 1)"
580,test,0,0.3169953376054764,0.22748303134493322,7.7498263828597596,-0.1340327079304365,-0.09103586615337515,"(0, 0, 1)"
581,test,0,0.3183010444045067,0.22748303134493322,7.789670485593313,-0.13761268873436244,-0.0886677390299907,"(0, 0, 1)"
582,test,0,0.3260056041181087,0.22748303134493322,7.829354161094477,-0.14111094996410706,-0.08739572076564057,"(0, 0, 1)"
583,test,0,0.3155496809631586,0.22748303134493322,7.869317848695259,-0.1445781383047284,-0.08527817695855792,"(0, 0, 1)"
584,test,0,0.31690223701298237,0.22748303134493322,7.909015392401477,-0.14790449601944258,-0.08304630129102412,"(0, 0, 1)"
585,test,0,0.31819458119571203,0.22748303134493322,7.948853474927386,-0.1511917282574549,-0.08209862789024451,"(0, 0, 1)"
586,test,0,0.31520079821348196,0.41157568181913007,7.98881537345346,-0.1544681103337425,-0.08152999892122818,"(0, 0, 1)"
587,test,0,0.3199081309139729,0.41157568181913007,8.02848231468894,-0.1577107865300382,-0.08200001791743144,"(0, 0, 1)"
588,test,0,0.32640605978667736,0.41157568181913007,8.068440229062043,-0.1609975004366118,-0.0823982155142748,"(0, 0, 1)"
589,test,0,0.3298255428671837,0.41157568181913007,8.108211094751226,-0.16426818789232447,-0.08222090469560024,"(0, 0, 1)"
590,test,0,0.31990046612918377,0.41157568181913007,8.147998524415982,-0.16753128252924904,-0.08164799095485321,"(0, 0, 1)"
591,test,0,0.3211419153958559,0.41157568181913007,8.187998781459639,-0.170788291819243,-0.08079802976176999,"(0, 0, 1)"
592,test,0,0.32331893406808376,0.6004617381507196,8.227659836540173,-0.17397432300337087,-0.08011077067306656,"(0, 0, 1)"
593,test,0,0.323011202737689,0.6004617381507196,8.267571641295834,-0.17715283499382098,-0.07892583603925149,"(0, 0, 1)"
594,test,0,0.3198074456304312,0.6004617381507196,8.307433592895164,-0.18026337976433038,-0.07713909181579114,"(0, 0, 1)"
595,test,0,0.3200024161487818,0.6004617381507196,8.347188977390426,-0.1833049230196592,-0.07607754181909934,"(0, 0, 1)"
596,test,0,0.3162594456225633,0.6004617381507196,8.387202499162388,-0.1863388411331869,-0.0752369587018029,"(0, 0, 1)"
597,test,0,0.31914160773158073,0.6004617381507196,8.426941791932535,-0.18930953544170015,-0.07489016153602272,"(0, 0, 1)"
598,test,0,0.3266022037714719,0.8044449791659111,8.466822333749972,-0.19230214839091866,-0.07529672234697563,"(0, 0, 1)"
599,test,0,0.3157686050981283,0.8044449791659111,8.506801234815676,-0.195310024150059,-0.07470863522563326,"(0, 0, 1)"
600,test,0,0.3219527807086706,0.8044449791659111,8.546501657349962,-0.1982722732961794,-0.07441846355027387,"(0, 0, 1)"
601,test,0,0.3224130235612392,0.8044449791659111,8.586489945752628,-0.20123917933867447,-0.07377474373711844,"(0, 0, 1)"
602,test,0,0.3132637292146683,0.8044449791659111,8.626293037627196,-0.20415005633162964,-0.07274028274492249,"(0, 0, 1)"
603,test,0,0.32564718648791313,0.8044449791659111,8.666124737601697,-0.2070356122254154,-0.07246494234731074,"(0, 0, 1)"
604,test,0,0.31960694305598736,1.0059295830593156,8.706158135815404,-0.2099388414968736,-0.07193051496390675,"(0, 0, 1)"
605,test,0,0.3169213104993105,1.0059295830593156,8.745852299251531,-0.21277387485405005,-0.07127454385317437,"(0, 0, 1)"
606,test,0,0.3214869704097509,1.0059295830593156,8.785805444747544,-0.2156100560526807,-0.07090501841893779,"(0, 0, 1)"
607,test,0,0.3288235776126385,1.0059295830593156,8.825695924462844,-0.2184339678808494,-0.07078187259478615,"(0, 0, 1)"
608,test,0,0.3230826314538717,1.0059295830593156,8.865488061597379,-0.22124840030441317,-0.07075292648668628,"(0, 0, 1)"
609,test,0,0.32188090309500694,1.0059295830593156,8.90552682013437,-0.22408057853589397,-0.07029390812980198,"(0, 0, 1)"
610,test,0,0.3230499848723411,1.2209186814275452,8.94526023105588,-0.22685081797539108,-0.06944006826578046,"(0, 0, 1)"
611,test,0,0.31958090886473656,1.2209186814275452,8.98516304769886,-0.22959954175901373,-0.06824927453912218,"(0, 0, 1)"
612,test,0,0.31585407815873623,1.2209186814275452,9.02514676425662,-0.23230201617892648,-0.06685358038551054,"(0, 0, 1)"
613,test,0,0.3222602028399706,1.2209186814275452,9.064887898750833,-0.23494386383776614,-0.06615533726208354,"(0, 0, 1)"
614,test,0,0.3216587603092193,1.2209186814275452,9.104909400112263,-0.23757564445815865,-0.06516246117205324,"(0, 0, 1)"
615,test,0,0.3192430529743433,1.2209186814275452,9.144729737902152,-0.24014232064486588,-0.06391453498460117,"(0, 0, 1)"
616,test,0,0.1611584573984146,1.4371965455387465,4.0015521206841544,-1.1330542985412145e-05,-1.3496460352639114e-05,"(0, 0, 1)"
617,test,0,0.11754721030592918,1.6501952103584985,4.024761304750526,5.8564473930322894e-05,0.009298225914139152,"(0, 0, 1)"
618,test,0,0.15852224919945002,1.6501952103584985,4.06052479106591,0.0004063548279396953,-0.001947828858092843,"(0, 0, 1)"
619,test,0,0.12089347932487726,1.6501952103584985,4.100842121415331,-0.0003336158930939549,-0.03516072225138823,"(0, 0, 1)"
620,test,0,0.09641067683696747,1.6501952103584985,4.140958684590999,-0.0023115896627272058,-0.062068586764446286,"(0, 0, 1)"
621,test,0,0.09412302076816559,1.6501952103584985,4.180965446763762,-0.00526745824600277,-0.084507650841416,"(0, 0, 1)"
622,test,0,0.11273487657308578,1.6501952103584985,4.220958942112326,-0.00903075977111005,-0.10178173183986355,"(0, 0, 1)"
623,test,0,0.11401665955781937,0.028056758858276024,4.260774079928631,-0.013342842717633707,-0.11415286232026048,"(0, 0, 1)"
624,test,0,0.1278974935412407,0.028056758858276024,4.300529153609887,-0.018160864211618603,-0.12665783658313542,"(0, 0, 1)"
625,test,0,0.024829067289829254,0.028056758858276024,4.340195431652592,-0.023397253966575493,-0.13556112662525582,"(1, 0, 0)"
626,test,0,0.04893845319747925,0.028056758858276024,4.37939635260889,-0.02886574980645788,-0.13815011840015295,"(1, 0, 0)"
627,test,0,0.046714067459106445,0.028056758858276024,4.418933727456923,-0.03410231632822148,-0.12499149451698201,"(1, 0, 0)"
628,test,0,0.03723207488656044,0.028056758858276024,4.4585488638246815,-0.03877134808871133,-0.10993065640637763,"(1, 0, 0)"
629,test,0,0.03297416493296623,0.0059943397402054234,4.498156231065268,-0.04291051260061885,-0.09864656801456627,"(1, 0, 0)"
630,test,0,0.041426669806242,0.0059943397402054234,4.537891508277639,-0.04659230053299578,-0.08602323766600597,"(1, 0, 0)"
631,test,0,0.04619590565562247,0.0059943397402054234,4.577555796077063,-0.04977688067082902,-0.07576787011952618,"(1, 0, 0)"
632,test,0,0.06177615001797676,0.0059943397402054234,4.617438839552246,-0.052636118964517115,-0.06779681865839146,"(1, 0, 0)"
633,test,0,0.04111410677433014,0.0059943397402054234,4.657273790216804,-0.055160363969150764,-0.05927830528267706,"(1, 0, 0)"
634,test,0,0.05489736422896385,0.0059943397402054234,4.697017530219628,-0.05740382385115906,-0.05326924044669852,"(1, 0, 0)"
635,test,0,0.05615676566958426,0.023549606622677913,4.736991735951041,-0.059394234176753144,-0.045960159762011246,"(1, 0, 0)"
636,test,0,0.04952390119433403,0.023549606622677913,4.7767309042604715,-0.06107523801206693,-0.04038338232740997,"(1, 0, 0)"
637,test,0,0.05704191327095032,0.023549606622677913,4.816690476556825,-0.06260460470642276,-0.036026884583146866,"(1, 0, 0)"
638,test,0,0.05237502604722977,0.023549606622677913,4.856656566063623,-0.06393357775554837,-0.03047869636418955,"(1, 0, 0)"
639,test,0,0.043010748922824846,0.023549606622677913,4.896424654453098,-0.06507670137574474,-0.02756675275646699,"(1, 0, 0)"
640,test,0,0.04894982650876045,0.023549606622677913,4.936486382533916,-0.0661034296206734,-0.023015357218602865,"(1, 0, 0)"
641,test,0,0.028562583029270186,0.028032564974359978,4.976285767022959,-0.06689730661645009,-0.018272761293298346,"(1, 0, 0)"
642,test,0,0.02354475110769272,0.028032564974359978,5.016217288122191,-0.06753208392879706,-0.012864114652389574,"(1, 0, 0)"
643,test,0,0.000919245183467858,0.028032564974359978,5.056266843866327,-0.06791171783234329,-0.005661792683465939,"(1, 0, 0)"
644,test,0,0.013536520302295685,0.028032564974359978,5.095977410202154,-0.06797770210998748,0.002487127396379505,"(1, 0, 0)"
645,test,0,0.009903304278850562,0.028032564974359978,5.136003700462427,-0.06769046554858156,0.012384815244772121,"(1, 0, 0)"
646,test,0,0.03341829404234886,0.028032564974359978,5.175868829369805,-0.06697595760186653,0.02296972938676775,"(1, 0, 0)"
647,test,0,0.028530191630125046,0.03432481104964941,5.215700022982981,-0.06585994458821746,0.032852736239512896,"(1, 0, 0)"
648,test,0,0.017078917240723968,0.03432481104964941,5.2557848154079965,-0.06436926115713733,0.0418316737288192,"(1, 0, 0)"
649,test,0,0.022283834405243397,0.03432481104964941,5.29553686634341,-0.06256489104850768,0.047145639870261435,"(1, 0, 0)"
650,test,0,0.01872252393513918,0.03432481104964941,5.335513401932797,-0.06062114243905079,0.049851731593866536,"(1, 0, 0)"
651,test,0,0.03372821770608425,0.03432481104964941,5.375491855709464,-0.058580973027072915,0.05247451220856135,"(1, 0, 0)"
652,test,0,0.033580806106328964,0.03432481104964941,5.415293811366487,-0.056450754450385186,0.05446792607933062,"(1, 0, 0)"
653,test,0,0.04180390015244484,0.02301233797913596,5.455363753657,-0.054234797948885256,0.05578676864961598,"(1, 0, 0)"
654,test,0,0.03890426456928253,0.02301233797913596,5.495170523702698,-0.051977893634697764,0.05751180005422299,"(1, 0, 0)"
655,test,0,0.0364505648612976,0.02301233797913596,5.5350827741720146,-0.04965798188827996,0.058294214303267464,"(1, 0, 0)"
656,test,0,0.02064029034227132,0.02301233797913596,5.575126067318418,-0.047326114643434794,0.05900377075387322,"(1, 0, 0)"
657,test,0,0.020582124590873718,0.02301233797913596,5.614903204307062,-0.04499097982537092,0.057160075115294036,"(1, 0, 0)"
658,test,0,0.02144737355411052,0.02301233797913596,5.654963192840266,-0.042761331877710064,0.05367810389944452,"(1, 0, 0)"
659,test,0,0.018047496676445007,0.015686231379065385,5.694885015064,-0.04068304291662251,0.05040464521845476,"(1, 0, 0)"
660,test,0,0.01031418889760971,0.015686231379065385,5.7347960413236825,-0.03876067289783081,0.04542907406176204,"(1, 0, 0)"
661,test,0,0.018144000321626656,0.015686231379065385,5.774952918484239,-0.03706428664630167,0.039188339378502225,"(1, 0, 0)"
662,test,0,0.005398392677307122,0.015686231379065385,5.814805728420462,-0.035624994687827094,0.0322860552160441,"(1, 0, 0)"
663,test,0,0.008083332329988473,0.015686231379065385,5.854903058149633,-0.03449718771241188,0.023005412136092612,"(1, 0, 0)"
664,test,0,0.0016339384019374917,0.03283515402656631,5.8949867609374085,-0.033765918239560475,0.01361056459596379,"(1, 0, 0)"
665,test,0,0.009006204083561897,0.03283515402656631,5.934914281837916,-0.03341256307182775,0.00466830655387143,"(1, 0, 0)"
666,test,0,0.010809967294335365,0.03283515402656631,5.975061478408528,-0.03335406744051856,-0.0008444967355255034,"(1, 0, 0)"
667,test,0,0.004337390884757042,0.03283515402656631,6.01494471625089,-0.03342405002888166,-0.0034816288159526827,"(1, 0, 0)"
668,test,0,0.005735304206609724,0.03283515402656631,6.054964051091892,-0.033642750303607874,-0.007823548993769051,"(1, 0, 0)"
669,test,0,0.016270654276013374,0.03575080234529039,6.09501769530784,-0.034027471015273786,-0.011064296696084438,"(1, 0, 0)"
670,test,0,0.013690043240785599,0.03575080234529039,6.134927235684164,-0.034543394666207185,-0.015478280205243994,"(1, 0, 0)"
671,test,0,0.0005019437521696073,0.03575080234529039,6.1750399852404385,-0.035256513405047235,-0.019968249365316833,"(1, 0, 0)"
672,test,0,0.027873950079083443,0.03575080234529039,6.214923577588227,-0.036092195377095584,-0.022667246287481894,"(1, 0, 0)"
673,test,0,0.016480421647429466,0.03575080234529039,6.2548572065803425,-0.03703608367716357,-0.024524812727053213,"(1, 0, 0)"
674,test,0,0.0028456859290599823,0.03575080234529039,6.294926107530863,-0.03802432539518309,-0.02439271457231993,"(1, 0, 0)"
675,test,0,0.002252589911222458,0.01677777853005563,6.334707476349958,-0.03897937955403571,-0.02446846928589916,"(1, 0, 0)"
676,test,0,0.011452393606305124,0.01677777853005563,6.3747427631945355,-0.039957836891731796,-0.024582661405787423,"(1, 0, 0)"
677,test,0,0.03628951124846935,0.01677777853005563,6.4147104018395895,-0.040909221791476734,-0.023406889765983936,"(1, 0, 0)"
678,test,0,0.005340020637959243,0.01677777853005563,6.454529140911116,-0.04185313787988076,-0.024099742669781266,"(1, 0, 0)"
679,test,0,0.022119594737887383,0.01677777853005563,6.494615641726134,-0.042817132533170314,-0.02401367954334298,"(1, 0, 0)"
680,test,0,0.005423968192189932,0.01677777853005563,6.534412388244051,-0.043750831275480746,-0.024113712518082378,"(1, 0, 0)"
681,test,0,0.03380380570888519,0.01411712562919205,6.574405624192079,-0.04472795844191732,-0.025090920082475165,"(1, 0, 0)"
682,test,0,0.03679855912923813,0.01411712562919205,6.614445603959147,-0.045725443596869815,-0.024272930431353267,"(1, 0, 0)"
683,test,0,0.03459222987294197,0.01411712562919205,6.654225074305256,-0.0466837267102174,-0.024284267965915117,"(1, 0, 0)"
684,test,0,0.042568810284137726,0.01411712562919205,6.694295664570361,-0.0476325553883301,-0.022751099510260865,"(1, 0, 0)"
685,test,0,0.03353479690849781,0.01411712562919205,6.7341219322616235,-0.04846557848675278,-0.02016233120635921,"(1, 0, 0)"
686,test,0,0.024826012551784515,0.01411712562919205,6.774060882001557,-0.049236565088446864,-0.018968056696509174,"(1, 0, 0)"
687,test,0,0.028861604630947117,0.03541290071218599,6.814132618287453,-0.049971078242014286,-0.01763246718286651,"(1, 0, 0)"
688,test,0,0.02261902205646038,0.03541290071218599,6.853929277368691,-0.05065765266095037,-0.017818874019806252,"(1, 0, 0)"
689,test,0,0.008324768394231793,0.03541290071218599,6.89398736455396,-0.05138706612329856,-0.019014552524673822,"(1, 0, 0)"
690,test,0,0.002094534225761892,0.03541290071218599,6.93394556661724,-0.05214867847023906,-0.01980986055126931,"(1, 0, 0)"
691,test,0,0.008636487647891045,0.03541290071218599,6.973816596340816,-0.05299099045051915,-0.02281067362036169,"(1, 0, 0)"
692,test,0,0.0026527065783739125,0.03541290071218599,7.013925876969947,-0.053963660370538694,-0.02576410348383579,"(1, 0, 0)"
693,test,0,0.0041909608989953995,0.028756989292397003,7.053737529029098,-0.055041210484478686,-0.029497670133934444,"(1, 0, 0)"
694,test,0,0.0018953513354063034,0.028756989292397003,7.093751988515838,-0.056299899212302225,-0.03346661548976225,"(1, 0, 0)"
695,test,0,0.01666795276105404,0.028756989292397003,7.133784090245588,-0.05768008345913381,-0.03510162120362841,"(1, 0, 0)"
696,test,0,0.016104708891361952,0.028756989292397003,7.173566050225666,-0.059110555318438965,-0.036493174831993914,"(1, 0, 0)"
697,test,0,0.006552644073963165,0.028756989292397003,7.213621535927305,-0.06055020138520155,-0.03526458736217576,"(1, 0, 0)"
698,test,0,0.010653002595063299,0.028756989292397003,7.253422188148002,-0.06189530359805972,-0.03361782645862672,"(1, 0, 0)"
699,test,0,0.011433583800680935,0.018472870288556494,7.293356733498672,-0.06321609813678139,-0.032626578737112374,"(1, 0, 0)"
700,test,0,0.019010600168257952,0.018472870288556494,7.333391052173691,-0.06448169650290576,-0.030329545045842538,"(1, 0, 0)"
701,test,0,0.01056561537552625,0.018472870288556494,7.37315301754132,-0.06564644216384961,-0.02896004707877502,"(1, 0, 0)"
702,test,0,0.007370752806309611,0.018472870288556494,7.413193730539952,-0.06677539253109052,-0.027494323069465518,"(1, 0, 0)"
703,test,0,0.003336902009323239,0.018472870288556494,7.453101995878762,-0.0678163673298126,-0.025510158448057808,"(1, 0, 0)"
704,test,0,0.0015419460833072662,0.018472870288556494,7.4929639880874905,-0.06883178886327325,-0.02584085942103426,"(1, 0, 0)"
705,test,0,0.008000682573765516,0.01140630757400304,7.53304576255743,-0.06986544395531821,-0.025621013096341468,"(1, 0, 0)"
706,test,0,0.007046518381685018,0.01140630757400304,7.572832729614286,-0.0708613310395923,-0.02532597254839667,"(1, 0, 0)"
707,test,0,3.604032099246979e-05,0.01140630757400304,7.612842423947503,-0.07187415738814036,-0.02569544052572664,"(1, 0, 0)"
708,test,0,0.0014335294254124165,0.01140630757400304,7.652856116166474,-0.07288872838365405,-0.0250824904683216,"(1, 0, 0)"
709,test,0,0.0008860491216182709,0.01140630757400304,7.692653331629249,-0.07390762373207538,-0.02651272112873498,"(1, 0, 0)"
710,test,0,0.004687219858169556,0.01140630757400304,7.732741071065721,-0.0749823962648762,-0.027005461329113828,"(1, 0, 0)"
711,test,0,0.0030067134648561478,0.005957372181062951,7.772558367788087,-0.07602700841296631,-0.02633942826950184,"(1, 0, 0)"
712,test,0,0.0022881943732500076,0.005957372181062951,7.812515244839381,-0.07707155395464704,-0.026286274798563127,"(1, 0, 0)"
713,test,0,0.0023310277611017227,0.005957372181062951,7.8525686596736675,-0.07810947151236106,-0.02539702599303083,"(1, 0, 0)"
714,test,0,0.0029683951288461685,0.005957372181062951,7.892351220782668,-0.07911301762220344,-0.02569133523702869,"(1, 0, 0)"
715,test,0,0.01130938343703747,0.005957372181062951,7.932410824728226,-0.08014077445409133,-0.02566993594178659,"(1, 0, 0)"
716,test,0,0.029935558326542377,0.005957372181062951,7.972304385887066,-0.0811385033451105,-0.025440633334441756,"(1, 0, 0)"
717,test,0,0.025762773118913174,0.00883176841208805,8.012210105256266,-0.08218857308315282,-0.0279119951686534,"(1, 0, 0)"
718,test,0,0.03453840781003237,0.00883176841208805,8.052308309540972,-0.08336618409887163,-0.0308991879151879,"(1, 0, 0)"
719,test,0,0.03307594545185566,0.00883176841208805,8.092134076489664,-0.0846617504504925,-0.035220947065637574,"(1, 0, 0)"
720,test,0,0.030865454114973545,0.00883176841208805,8.132165773576316,-0.08616755018201122,-0.039897142450266265,"(1, 0, 0)"
721,test,0,0.04662623535841703,0.00883176841208805,8.172165100064369,-0.08780728819159114,-0.04185892128733864,"(1, 0, 0)"
722,test,0,0.02799246832728386,0.00883176841208805,8.211955504221615,-0.0895353644034772,-0.04522455038801067,"(1, 0, 0)"
723,test,0,0.047556882724165916,0.01703102191683095,8.252008945346534,-0.09138374112134144,-0.046598876828307156,"(1, 0, 0)"
724,test,0,0.060803698375821114,0.01703102191683095,8.291798994228197,-0.0932333529817025,-0.0477486898404653,"(1, 0, 0)"
725,test,0,0.06539304181933403,0.01703102191683095,8.331748186281448,-0.09518247353076248,-0.050145012315479624,"(1, 0, 0)"
726,test,0,0.06442084349691868,0.01703102191683095,8.371751786292071,-0.09721077532440187,-0.05085378952161489,"(1, 0, 0)"
727,test,0,0.06541541591286659,0.01703102191683095,8.411513399419677,-0.09925607062296653,-0.05261970571677717,"(1, 0, 0)"
728,test,0,0.0680584404617548,0.01703102191683095,8.451531462168617,-0.10138688789888244,-0.053663648848173304,"(1, 0, 0)"
729,test,0,0.06735203601419926,0.025477408448143484,8.491381088562996,-0.10349627428228482,-0.05276670927901812,"(1, 0, 0)"
730,test,0,0.06975766643881798,0.025477408448143484,8.531219524266715,-0.10559335319710027,-0.05234591964679844,"(1, 0, 0)"
731,test,0,0.07725406065583229,0.025477408448143484,8.571222882828758,-0.10765437096398488,-0.0503902693514412,"(1, 0, 0)"
732,test,0,0.0860487502068281,0.025477408448143484,8.611022313926235,-0.10962940577147445,-0.05027654033676032,"(1, 0, 0)"
733,test,0,0.08396083861589432,0.025477408448143484,8.65101513527427,-0.11166280584157313,-0.051460149641128494,"(1, 0, 0)"
734,test,0,0.0899724829941988,0.025477408448143484,8.690957272946775,-0.11370367526276393,-0.05073088919045458,"(1, 0, 0)"
735,test,0,0.09069878980517387,0.03412388582543549,8.730720696507246,-0.11573213014042938,-0.051173857452712926,"(1, 0, 0)"
736,test,0,0.05471598356962204,0.03412388582543549,8.77074983233147,-0.11776803390612692,-0.05069926675129622,"(1, 0, 0)"
737,test,0,0.09775623492896555,0.03412388582543549,8.810516256124249,-0.11975172550953316,-0.05004239458472291,"(1, 0, 0)"
738,test,0,0.09860128350555897,0.03412388582543549,8.850458565840624,-0.1217491008101441,-0.05035175319468253,"(1, 0, 0)"
739,test,0,0.06636624224483967,0.03412388582543549,8.890448925091293,-0.12374656146638506,-0.04908057855708902,"(1, 0, 0)"
740,test,0,0.0704040452837944,0.03412388582543549,8.930200915452682,-0.12568817357747683,-0.049259058544353224,"(1, 0, 0)"
741,test,0,0.0775647908449173,0.032487424671051826,4.001030903087131,-8.538896699132676e-06,0.005263299901421972,"(1, 0, 0)"
742,test,0,0.10822339355945587,1.586126421598538,4.01485093585079,0.0006022552093573892,0.05915127873207912,"(1, 0, 0)"
743,test,0,0.022739224135875702,1.586126421598538,4.047896776232731,0.0021515244150584587,0.03397693918142829,"(1, 0, 0)"
744,test,0,0.03548017516732216,1.586126421598538,4.088009544118503,0.0031148420683430635,0.01474091580784866,"(1, 0, 0)"
745,test,0,0.020153883844614022,1.586126421598538,4.128119870676291,0.003382430927973822,-0.001423458994754675,"(1, 0, 0)"
746,test,0,0.007749289274215691,1.586126421598538,4.168233975502238,0.0030092503115914785,-0.01633619672806275,"(1, 0, 0)"
747,test,0,0.0064249224960804055,1.586126421598538,4.208231238423394,0.002147608792412881,-0.026445533734330243,"(1, 0, 0)"
748,test,0,0.02179118990898133,0.028809807878965324,4.248285592642063,0.00089694432312007,-0.0359445796829106,"(1, 0, 0)"
749,test,0,0.026277892291545875,0.028809807878965324,4.288294459413048,-0.0006886671434587514,-0.04222531274676383,"(1, 0, 0)"
750,test,0,0.041044089943170554,0.028809807878965324,4.328296152795783,-0.0024478710701228527,-0.04601876634820116,"(1, 0, 0)"
751,test,0,0.045397201552987106,0.028809807878965324,4.368198716239696,-0.004371914875962413,-0.04966160642855971,"(1, 0, 0)"
752,test,0,0.04746349714696408,0.028809807878965324,4.4080990893343,-0.006354823899363576,-0.04957732653497351,"(1, 0, 0)"
753,test,0,0.052121216431260116,0.028809807878965324,4.447996026537509,-0.008329179798657877,-0.05035430231858354,"(1, 0, 0)"
754,test,0,0.05226275697350503,0.01721696435194198,4.487910187381474,-0.010339430848750945,-0.04997874225274942,"(1, 0, 0)"
755,test,0,0.05444056540727616,0.01721696435194198,4.52785736079856,-0.012294991974966446,-0.04805086046656349,"(1, 0, 0)"
756,test,0,0.054432682693004615,0.01721696435194198,4.567721418485137,-0.014208402829614053,-0.04822232803699452,"(1, 0, 0)"
757,test,0,0.05596923828125001,0.01721696435194198,4.607611802774251,-0.01609176544182998,-0.046137817873947794,"(1, 0, 0)"
758,test,0,0.06194594502449036,0.01721696435194198,4.647504362343735,-0.01788384131273373,-0.04481643873440397,"(1, 0, 0)"
759,test,0,0.05977680161595345,0.01721696435194198,4.68744592546943,-0.019642854619504407,-0.043028670146376055,"(1, 0, 0)"
760,test,0,0.001918246969580652,0.005413966379788473,4.727361071877158,-0.021282670399269114,-0.039243783705444166,"(1, 0, 0)"
761,test,0,0.004972696304321291,0.005413966379788473,4.767238197853039,-0.022807988679091357,-0.038137561590467856,"(1, 0, 0)"
762,test,0,0.005935284774750472,0.005413966379788473,4.807159864949471,-0.024292704930828198,-0.036303875343966244,"(1, 0, 0)"
763,test,0,0.0070822816342115385,0.005413966379788473,4.847095483347123,-0.02568696588852054,-0.0342764721116768,"(1, 0, 0)"
764,test,0,0.02076745219528675,0.005413966379788473,4.887024232645374,-0.02704548238787718,-0.033939681823492905,"(1, 0, 0)"
765,test,0,0.02484473306685686,0.005413966379788473,4.926930375786663,-0.028313494171707084,-0.028233107429570962,"(1, 0, 0)"
766,test,0,0.04306716099381447,0.012187072469602324,4.966765739372452,-0.029305668121680586,-0.02226091764745582,"(1, 0, 0)"
767,test,0,0.046332914382219315,0.012187072469602324,5.006714163918162,-0.030043859204109475,-0.014501038672499194,"(1, 0, 0)"
768,test,0,0.053219023160636425,0.012187072469602324,5.046617282229024,-0.03041770659589754,-0.004625854097533405,"(1, 0, 0)"
769,test,0,0.04904192639514804,0.012187072469602324,5.08647029758948,-0.030464531687719024,0.0024712741158584095,"(1, 0, 0)"
770,test,0,0.057112088426947594,0.012187072469602324,5.126421016369674,-0.03018613252883224,0.011726787791652116,"(1, 0, 0)"
771,test,0,0.060173945501446724,0.012187072469602324,5.166249857866638,-0.029543883231393134,0.018943462559117483,"(1, 0, 0)"
772,test,0,0.04257405363023281,0.008657338763223284,5.206245096222121,-0.02866926289121208,0.024668973663567007,"(1, 0, 0)"
773,test,0,0.05475481972098351,0.008657338763223284,5.246174734666529,-0.027560880150868165,0.03003271912843364,"(1, 0, 0)"
774,test,0,0.05260731093585491,0.008657338763223284,5.286074812791075,-0.02630642424745716,0.03258890309407529,"(1, 0, 0)"
775,test,0,0.0593155138194561,0.008657338763223284,5.326016277728624,-0.024950209920055647,0.03546621360066971,"(1, 0, 0)"
